frame,elapsed_seconds,frame_ms
0,0.007009,7.009
1,0.01245,5.441
2,0.018094,5.644
3,0.021459,3.365
4,0.033533,12.074
5,0.036664,3.131
6,0.040951,4.287
7,0.045162,4.211
8,0.051893,6.731
9,0.055307,3.414
10,0.060084,4.777
11,0.06416,4.076
12,0.068419,4.259
13,0.072301,3.882
14,0.078109,5.808
15,0.081784,3.675
16,0.087092,5.308
17,0.090161,3.069
18,0.094136,3.975
19,0.098142,4.006
20,0.103373,5.231
21,0.109458,6.085
22,0.115352,5.894
23,0.119486,4.134
24,0.124307,4.821
25,0.128081,3.774
26,0.138655,10.574
27,0.145234,6.579
28,0.148789,3.555
29,0.152817,4.028
30,0.156831,4.014
31,0.163401,6.57
32,0.167112,3.711
33,0.171847,4.735
34,0.175637,3.79
35,0.180332,4.695
36,0.183526,3.194
37,0.189415,5.889
38,0.19382,4.405
39,0.197501,3.681
40,0.201689,4.188
41,0.208911,7.222
42,0.213807,4.896
43,0.216951,3.144
44,0.222711,5.76
45,0.228172,5.461
46,0.234004,5.832
47,0.237385,3.381
48,0.24442,7.035
49,0.250712,6.292
50,0.254238,3.526
51,0.26029,6.052
52,0.264777,4.487
53,0.269674,4.897
54,0.274663,4.989
55,0.278189,3.526
56,0.282361,4.172
57,0.288124,5.763
58,0.291306,3.182
59,0.297513,6.207
60,0.30317,5.657
61,0.307139,3.969
62,0.313398,6.259
63,0.318186,4.788
64,0.322054,3.868
65,0.326024,3.97
66,0.330251,4.227
67,0.33548,5.229
68,0.341165,5.685
69,0.347053,5.888
70,0.351709,4.656
71,0.356222,4.513
72,0.362419,6.197
73,0.368796,6.377
74,0.373141,4.345
75,0.377707,4.566
76,0.383549,5.842
77,0.388513,4.964
78,0.392049,3.536
79,0.396772,4.723
80,0.399907,3.135
81,0.408208,8.301
82,0.413284,5.076
83,0.416913,3.629
84,0.4221,5.187
85,0.427656,5.556
86,0.430937,3.281
87,0.435044,4.107
88,0.443278,8.234
89,0.446553,3.275
90,0.450479,3.926
91,0.460314,9.835
92,0.463787,3.473
93,0.46792,4.133
94,0.472965,5.045
95,0.478023,5.058
96,0.481029,3.006
97,0.490005,8.976
98,0.494011,4.006
99,0.497388,3.377
100,0.501667,4.279
101,0.506355,4.688
102,0.509973,3.618
103,0.516139,6.166
104,0.520859,4.72
105,0.52633,5.471
106,0.529852,3.522
107,0.535938,6.086
108,0.540604,4.666
109,0.543769,3.165
110,0.548047,4.278
111,0.555604,7.557
112,0.559102,3.498
113,0.563267,4.165
114,0.567565,4.298
115,0.573734,6.169
116,0.576865,3.131
117,0.581041,4.176
118,0.591031,9.99
119,0.594003,2.972
120,0.598122,4.119
121,0.603035,4.913
122,0.607496,4.461
123,0.610936,3.44
124,0.614936,4.0
125,0.622496,7.56
126,0.627919,5.423
127,0.632276,4.357
128,0.639499,7.223
129,0.644765,5.266
130,0.649543,4.778
131,0.654439,4.896
132,0.659632,5.193
133,0.663462,3.83
134,0.667644,4.182
135,0.672517,4.873
136,0.675673,3.156
137,0.682234,6.561
138,0.687224,4.99
139,0.691719,4.495
140,0.695952,4.233
141,0.701023,5.071
142,0.706231,5.208
143,0.710147,3.916
144,0.717198,7.051
145,0.721471,4.273
146,0.724461,2.99
147,0.730351,5.89
148,0.735208,4.857
149,0.738834,3.626
150,0.742469,3.635
151,0.746589,4.12
152,0.756373,9.784
153,0.759098,2.725
154,0.764571,5.473
155,0.771348,6.777
156,0.774883,3.535
157,0.7805,5.617
158,0.784492,3.992
159,0.790934,6.442
160,0.794454,3.52
161,0.798306,3.852
162,0.806456,8.15
163,0.809583,3.127
164,0.815133,5.55
165,0.820848,5.715
166,0.825096,4.248
167,0.83012,5.024
168,0.83579,5.67
169,0.840855,5.065
170,0.844057,3.202
171,0.847546,3.489
172,0.856077,8.531
173,0.860172,4.095
174,0.863451,3.279
175,0.867649,4.198
176,0.875311,7.662
177,0.880057,4.746
178,0.884166,4.109
179,0.890256,6.09
180,0.894918,4.662
181,0.898212,3.294
182,0.904271,6.059
183,0.909632,5.361
184,0.912572,2.94
185,0.916396,3.824
186,0.925636,9.24
187,0.930391,4.755
188,0.934759,4.368
189,0.938607,3.848
190,0.943707,5.1
191,0.949109,5.402
192,0.954606,5.497
193,0.958825,4.219
194,0.96251,3.685
195,0.968053,5.543
196,0.97192,3.867
197,0.978544,6.624
198,0.983001,4.457
199,0.986439,3.438
200,0.991226,4.787
201,0.994575,3.349
202,0.998612,4.037
203,1.00496,6.348
204,1.009516,4.556
205,1.014235,4.719
206,1.019248,5.013
207,1.024205,4.957
208,1.027292,3.087
209,1.031301,4.009
210,1.036814,5.513
211,1.043958,7.144
212,1.053437,9.479
213,1.058633,5.196
214,1.063345,4.712
215,1.067671,4.326
216,1.071544,3.873
217,1.077446,5.902
218,1.082315,4.869
219,1.0881,5.785
220,1.092151,4.051
221,1.097328,5.177
222,1.100798,3.47
223,1.106465,5.667
224,1.110949,4.484
225,1.114285,3.336
226,1.121616,7.331
227,1.128106,6.49
228,1.131482,3.376
229,1.135566,4.084
230,1.140585,5.019
231,1.145266,4.681
232,1.148449,3.183
233,1.156689,8.24
234,1.161496,4.807
235,1.16441,2.914
236,1.16853,4.12
237,1.172536,4.006
238,1.179022,6.486
239,1.182404,3.382
240,1.190715,8.311
241,1.194966,4.251
242,1.199982,5.016
243,1.204013,4.031
244,1.208677,4.664
245,1.212323,3.646
246,1.217706,5.383
247,1.223308,5.602
248,1.227998,4.69
249,1.232295,4.297
250,1.236691,4.396
251,1.241492,4.801
252,1.246599,5.107
253,1.25143,4.831
254,1.25675,5.32
255,1.261245,4.495
256,1.265048,3.803
257,1.270877,5.829
258,1.27569,4.813
259,1.279011,3.321
260,1.284991,5.98
261,1.288612,3.621
262,1.295133,6.521
263,1.299564,4.431
264,1.303195,3.631
265,1.307995,4.8
266,1.31137,3.375
267,1.317535,6.165
268,1.322116,4.581
269,1.328243,6.127
270,1.331966,3.723
271,1.335638,3.672
272,1.340967,5.329
273,1.34408,3.113
274,1.347869,3.789
275,1.352313,4.444
276,1.359482,7.169
277,1.364659,5.177
278,1.368373,3.714
279,1.373179,4.806
280,1.376654,3.475
281,1.382742,6.088
282,1.388115,5.373
283,1.392826,4.711
284,1.396265,3.439
285,1.402025,5.76
286,1.406813,4.788
287,1.411999,5.186
288,1.417304,5.305
289,1.420947,3.643
290,1.425599,4.652
291,1.428827,3.228
292,1.435664,6.837
293,1.440121,4.457
294,1.443431,3.31
295,1.447643,4.212
296,1.452639,4.996
297,1.459294,6.655
298,1.46239,3.096
299,1.468691,6.301
300,1.473942,5.251
301,1.477254,3.312
302,1.481729,4.475
303,1.485577,3.848
304,1.490722,5.145
305,1.49387,3.148
306,1.497795,3.925
307,1.50497,7.175
308,1.508258,3.288
309,1.512464,4.206
310,1.516625,4.161
311,1.524249,7.624
312,1.529221,4.972
313,1.534823,5.602
314,1.53904,4.217
315,1.542558,3.518
316,1.546585,4.027
317,1.552932,6.347
318,1.557975,5.043
319,1.561156,3.181
320,1.565252,4.096
321,1.570966,5.714
322,1.574481,3.515
323,1.579623,5.142
324,1.584713,5.09
325,1.590242,5.529
326,1.593587,3.345
327,1.599154,5.567
328,1.604079,4.925
329,1.607629,3.55
330,1.611825,4.196
331,1.617818,5.993
332,1.623802,5.984
333,1.627124,3.322
334,1.63256,5.436
335,1.639269,6.709
336,1.644001,4.732
337,1.649808,5.807
338,1.654178,4.37
339,1.659443,5.265
340,1.663169,3.726
341,1.668679,5.51
342,1.674289,5.61
343,1.677941,3.652
344,1.682778,4.837
345,1.686299,3.521
346,1.691163,4.864
347,1.696449,5.286
348,1.702552,6.103
349,1.707439,4.887
350,1.710881,3.442
351,1.714979,4.098
352,1.720576,5.597
353,1.725358,4.782
354,1.729137,3.779
355,1.732877,3.74
356,1.7411,8.223
357,1.74603,4.93
358,1.752217,6.187
359,1.756187,3.97
360,1.761325,5.138
361,1.76575,4.425
362,1.770861,5.111
363,1.77465,3.789
364,1.777961,3.311
365,1.784242,6.281
366,1.787668,3.426
367,1.794546,6.878
368,1.797757,3.211
369,1.803749,5.992
370,1.808494,4.745
371,1.811828,3.334
372,1.81776,5.932
373,1.82281,5.05
374,1.827495,4.685
375,1.830763,3.268
376,1.838347,7.584
377,1.845035,6.688
378,1.848228,3.193
379,1.85234,4.112
380,1.85847,6.13
381,1.861845,3.375
382,1.868236,6.391
383,1.872425,4.189
384,1.876677,4.252
385,1.880099,3.422
386,1.884193,4.094
387,1.890783,6.59
388,1.894216,3.433
389,1.898682,4.466
390,1.902742,4.06
391,1.907746,5.004
392,1.912546,4.8
393,1.917752,5.206
394,1.922318,4.566
395,1.92576,3.442
396,1.931947,6.187
397,1.936335,4.388
398,1.941314,4.979
399,1.944321,3.007
400,1.948309,3.988
401,1.955929,7.62
402,1.961205,5.276
403,1.965738,4.533
404,1.969585,3.847
405,1.974208,4.623
406,1.977854,3.646
407,1.983621,5.767
408,1.988485,4.864
409,1.993023,4.538
410,1.997314,4.291
411,2.001492,4.178
412,2.007988,6.496
413,2.011419,3.431
414,2.015878,4.459
415,2.020132,4.254
416,2.02354,3.408
417,2.027473,3.933
418,2.031873,4.4
419,2.038577,6.704
420,2.041896,3.319
421,2.046605,4.709
422,2.053296,6.691
423,2.057339,4.043
424,2.062066,4.727
425,2.066242,4.176
426,2.071057,4.815
427,2.074191,3.134
428,2.078186,3.995
429,2.089033,10.847
430,2.092454,3.421
431,2.096344,3.89
432,2.102247,5.903
433,2.10712,4.873
434,2.110437,3.317
435,2.114813,4.376
436,2.120553,5.74
437,2.124789,4.236
438,2.128975,4.186
439,2.132924,3.949
440,2.137993,5.069
441,2.143178,5.185
442,2.149544,6.366
443,2.155015,5.471
444,2.159162,4.147
445,2.163327,4.165
446,2.167731,4.404
447,2.174513,6.782
448,2.177751,3.238
449,2.18223,4.479
450,2.187811,5.581
451,2.190827,3.016
452,2.194651,3.824
453,2.200252,5.601
454,2.207723,7.471
455,2.212072,4.349
456,2.215488,3.416
457,2.222549,7.061
458,2.225899,3.35
459,2.229802,3.903
460,2.234785,4.983
461,2.241584,6.799
462,2.24706,5.476
463,2.25101,3.95
464,2.257958,6.948
465,2.261343,3.385
466,2.26552,4.177
467,2.271709,6.189
468,2.276475,4.766
469,2.279579,3.104
470,2.287594,8.015
471,2.291644,4.05
472,2.296803,5.159
473,2.302847,6.044
474,2.307159,4.312
475,2.311637,4.478
476,2.314965,3.328
477,2.319738,4.773
478,2.32574,6.002
479,2.32921,3.47
480,2.33702,7.81
481,2.343657,6.637
482,2.347656,3.999
483,2.3551,7.444
484,2.35862,3.52
485,2.365373,6.753
486,2.36875,3.377
487,2.37263,3.88
488,2.377936,5.306
489,2.383398,5.462
490,2.387031,3.633
491,2.392031,5.0
492,2.395493,3.462
493,2.399134,3.641
494,2.404832,5.698
495,2.409296,4.464
496,2.412406,3.11
497,2.421684,9.278
498,2.426314,4.63
499,2.429809,3.495
500,2.433816,4.007
501,2.437801,3.985
502,2.444582,6.781
503,2.447675,3.093
504,2.453703,6.028
505,2.458812,5.109
506,2.463086,4.274
507,2.46737,4.284
508,2.471395,4.025
509,2.476098,4.703
510,2.479619,3.521
511,2.487161,7.542
512,2.491815,4.654
513,2.495505,3.69
514,2.501194,5.689
515,2.505243,4.049
516,2.512357,7.114
517,2.516351,3.994
518,2.5203,3.949
519,2.525229,4.929
520,2.528312,3.083
521,2.534956,6.644
522,2.538915,3.959
523,2.543917,5.002
524,2.549864,5.947
525,2.554603,4.739
526,2.558583,3.98
527,2.562433,3.85
528,2.566629,4.196
529,2.570238,3.609
530,2.574945,4.707
531,2.578301,3.356
532,2.587,8.699
533,2.591681,4.681
534,2.595015,3.334
535,2.599122,4.107
536,2.606059,6.937
537,2.610751,4.692
538,2.61399,3.239
539,2.618536,4.546
540,2.625688,7.152
541,2.630727,5.039
542,2.634671,3.944
543,2.640017,5.346
544,2.644681,4.664
545,2.648289,3.608
546,2.656026,7.737
547,2.660892,4.866
548,2.664762,3.87
549,2.670048,5.286
550,2.673182,3.134
551,2.678923,5.741
552,2.682585,3.662
553,2.686362,3.777
554,2.691038,4.676
555,2.694945,3.907
556,2.702461,7.516
557,2.706567,4.106
558,2.711281,4.714
559,2.715492,4.211
560,2.719293,3.801
561,2.725839,6.546
562,2.729619,3.78
563,2.734215,4.596
564,2.738161,3.946
565,2.742988,4.827
566,2.747978,4.99
567,2.752275,4.297
568,2.756898,4.623
569,2.760439,3.541
570,2.766607,6.168
571,2.771735,5.128
572,2.77665,4.915
573,2.779987,3.337
574,2.785767,5.78
575,2.790479,4.712
576,2.795529,5.05
577,2.801046,5.517
578,2.805111,4.065
579,2.810166,5.055
580,2.813183,3.017
581,2.819756,6.573
582,2.824539,4.783
583,2.827789,3.25
584,2.832146,4.357
585,2.842238,10.092
586,2.84713,4.892
587,2.851284,4.154
588,2.855208,3.924
589,2.860067,4.859
590,2.863777,3.71
591,2.870458,6.681
592,2.874626,4.168
593,2.877984,3.358
594,2.882036,4.052
595,2.888626,6.59
596,2.895205,6.579
597,2.898242,3.037
598,2.904602,6.36
599,2.909594,4.992
600,2.912851,3.257
601,2.918681,5.83
602,2.923729,5.048
603,2.928401,4.672
604,2.931887,3.486
605,2.939438,7.551
606,2.945741,6.303
607,2.949234,3.493
608,2.953176,3.942
609,2.95733,4.154
610,2.964666,7.336
611,2.969165,4.499
612,2.9727,3.535
613,2.978002,5.302
614,2.982681,4.679
615,2.986588,3.907
616,2.993277,6.689
617,2.996594,3.317
618,3.001118,4.524
619,3.004749,3.631
620,3.009473,4.724
621,3.014525,5.052
622,3.02018,5.655
623,3.02473,4.55
624,3.028408,3.678
625,3.032564,4.156
626,3.038657,6.093
627,3.043436,4.779
628,3.04663,3.194
629,3.051599,4.969
630,3.05861,7.011
631,3.063733,5.123
632,3.067953,4.22
633,3.073265,5.312
634,3.078044,4.779
635,3.081208,3.164
636,3.08816,6.952
637,3.093093,4.933
638,3.095964,2.871
639,3.103981,8.017
640,3.1086,4.619
641,3.113845,5.245
642,3.119539,5.694
643,3.123393,3.854
644,3.128107,4.714
645,3.131699,3.592
646,3.135341,3.642
647,3.141869,6.528
648,3.145408,3.539
649,3.153679,8.271
650,3.15744,3.761
651,3.164877,7.437
652,3.170251,5.374
653,3.173498,3.247
654,3.178574,5.076
655,3.181762,3.188
656,3.187467,5.705
657,3.195207,7.74
658,3.198517,3.31
659,3.201817,3.3
660,3.206094,4.277
661,3.212312,6.218
662,3.217515,5.203
663,3.221366,3.851
664,3.225997,4.631
665,3.231873,5.876
666,3.236098,4.225
667,3.240061,3.963
668,3.245653,5.592
669,3.250155,4.502
670,3.255387,5.232
671,3.262371,6.984
672,3.270709,8.338
673,3.274681,3.972
674,3.280093,5.412
675,3.283472,3.379
676,3.28908,5.608
677,3.293143,4.063
678,3.298757,5.614
679,3.302084,3.327
680,3.307315,5.231
681,3.314014,6.699
682,3.317337,3.323
683,3.32092,3.583
684,3.325764,4.844
685,3.329085,3.321
686,3.335362,6.277
687,3.339125,3.763
688,3.344075,4.95
689,3.347278,3.203
690,3.354317,7.039
691,3.360713,6.396
692,3.366169,5.456
693,3.369693,3.524
694,3.372614,2.921
695,3.377611,4.997
696,3.383609,5.998
697,3.388514,4.905
698,3.393319,4.805
699,3.397736,4.417
700,3.401806,4.07
701,3.408409,6.603
702,3.411597,3.188
703,3.416513,4.916
704,3.42027,3.757
705,3.424899,4.629
706,3.428084,3.185
707,3.434925,6.841
708,3.438895,3.97
709,3.442114,3.219
710,3.448343,6.229
711,3.45397,5.627
712,3.458417,4.447
713,3.461703,3.286
714,3.465674,3.971
715,3.473604,7.93
716,3.478826,5.222
717,3.484138,5.312
718,3.488488,4.35
719,3.492379,3.891
720,3.495605,3.226
721,3.501106,5.501
722,3.504935,3.829
723,3.508278,3.343
724,3.512125,3.847
725,3.521402,9.277
726,3.527728,6.326
727,3.530939,3.211
728,3.536564,5.625
729,3.540554,3.99
730,3.543696,3.142
731,3.553549,9.853
732,3.556829,3.28
733,3.562862,6.033
734,3.566265,3.403
735,3.571123,4.858
736,3.576977,5.854
737,3.580035,3.058
738,3.588108,8.073
739,3.592657,4.549
740,3.596129,3.472
741,3.60151,5.381
742,3.607144,5.634
743,3.611599,4.455
744,3.614807,3.208
745,3.622696,7.889
746,3.628745,6.049
747,3.632088,3.343
748,3.636124,4.036
749,3.639981,3.857
750,3.646447,6.466
751,3.651666,5.219
752,3.65542,3.754
753,3.660607,5.187
754,3.663646,3.039
755,3.667386,3.74
756,3.673178,5.792
757,3.678105,4.927
758,3.681938,3.833
759,3.68535,3.412
760,3.690198,4.848
761,3.693357,3.159
762,3.700475,7.118
763,3.704255,3.78
764,3.709172,4.917
765,3.71222,3.048
766,3.716262,4.042
767,3.723052,6.79
768,3.726239,3.187
769,3.730262,4.023
770,3.734224,3.962
771,3.741188,6.964
772,3.744351,3.163
773,3.748529,4.178
774,3.756266,7.737
775,3.759554,3.288
776,3.765112,5.558
777,3.769016,3.904
778,3.773668,4.652
779,3.776985,3.317
780,3.780975,3.99
781,3.788452,7.477
782,3.791757,3.305
783,3.795611,3.854
784,3.79969,4.079
785,3.80421500000001,4.525
786,3.81031500000001,6.1
787,3.813669,3.354
788,3.81826100000001,4.592
789,3.821622,3.361
790,3.825446,3.824
791,3.831657,6.211
792,3.836449,4.792
793,3.83951300000001,3.064
794,3.84360000000001,4.087
795,3.84727100000001,3.671
796,3.85420200000001,6.931
797,3.85768100000001,3.479
798,3.86088200000001,3.201
799,3.868712,7.83
800,3.872046,3.334
801,3.87769200000001,5.646
802,3.88351900000001,5.827
803,3.888049,4.53
804,3.891368,3.319
805,3.89516300000001,3.795
806,3.90149000000001,6.327
807,3.90629900000001,4.809
808,3.90939100000001,3.092
809,3.91359800000001,4.207
810,3.91861300000001,5.015
811,3.92540500000001,6.792
812,3.92920700000001,3.802
813,3.93478800000001,5.581
814,3.93996500000001,5.177
815,3.94327000000001,3.305
816,3.95114100000001,7.871
817,3.95522700000001,4.086
818,3.96020500000001,4.978
819,3.96342000000001,3.215
820,3.96997300000001,6.553
821,3.97651700000001,6.544
822,3.98005000000001,3.533
823,3.98628800000001,6.238
824,3.98955000000001,3.262
825,3.99578400000001,6.234
826,3.99894300000001,3.159
827,4.00503600000001,6.093
828,4.00995500000001,4.919
829,4.01400300000001,4.048
830,4.01727400000001,3.271
831,4.02282300000001,5.549
832,4.02773100000001,4.908
833,4.03189500000001,4.164
834,4.03529700000001,3.402
835,4.03934200000001,4.045
836,4.04416000000001,4.818
837,4.04996400000001,5.804
838,4.05321700000001,3.253
839,4.05795000000001,4.733
840,4.06112700000001,3.177
841,4.07025500000001,9.128
842,4.07335300000001,3.098
843,4.07934200000001,5.989
844,4.08292700000001,3.585
845,4.08743900000001,4.512
846,4.09359300000001,6.154
847,4.09665200000001,3.059
848,4.10469800000001,8.046
849,4.10825900000001,3.561
850,4.11285700000001,4.598
851,4.11797600000001,5.119
852,4.12185900000001,3.883
853,4.12748700000001,5.628
854,4.13173900000001,4.252
855,4.13573400000001,3.995
856,4.14127600000001,5.542
857,4.14578400000001,4.508
858,4.15040700000001,4.623
859,4.15424000000001,3.833
860,4.15997100000001,5.731
861,4.16449600000001,4.525
862,4.16951000000001,5.014
863,4.17307700000001,3.567
864,4.17800300000001,4.926
865,4.18105900000001,3.056
866,4.18722900000001,6.17
867,4.19188000000001,4.651
868,4.19506100000001,3.181
869,4.20127400000001,6.213
870,4.20719900000001,5.925
871,4.21361500000001,6.416
872,4.21673200000001,3.117
873,4.22340900000001,6.677
874,4.22701400000001,3.605
875,4.23019200000001,3.178
876,4.23900700000001,8.815
877,4.24312700000001,4.12
878,4.24762300000001,4.496
879,4.25102500000001,3.402
880,4.25495500000001,3.93
881,4.26123700000001,6.282
882,4.26606500000001,4.828
883,4.27040700000001,4.342
884,4.27437200000001,3.965
885,4.28039800000001,6.026
886,4.28493400000001,4.536
887,4.28896000000001,4.026
888,4.29383500000001,4.875
889,4.29940400000001,5.569
890,4.30234000000001,2.936
891,4.30837200000001,6.032
892,4.31475400000001,6.382
893,4.31788700000001,3.133
894,4.32171900000001,3.832
895,4.32652800000001,4.809
896,4.33085000000001,4.322
897,4.33565800000001,4.808
898,4.33910100000001,3.443
899,4.34403500000001,4.934
900,4.34708500000001,3.05
901,4.35470300000001,7.618
902,4.35930600000001,4.603
903,4.36253300000001,3.227
904,4.36923400000001,6.701
905,4.37724000000001,8.006
906,4.38407800000001,6.838
907,4.38726100000001,3.183
908,4.39117500000001,3.914
909,4.39548000000001,4.305
910,4.40416800000001,8.688
911,4.40960900000001,5.441
912,4.41363700000001,4.028
913,4.41805300000001,4.416
914,4.42129100000001,3.238
915,4.43102300000001,9.732
916,4.43506200000001,4.039
917,4.43794700000001,2.885
918,4.44359500000001,5.648
919,4.44750200000001,3.907
920,4.45223400000001,4.732
921,4.45723500000001,5.001
922,4.46376800000001,6.533
923,4.46937400000001,5.606
924,4.47251700000001,3.143
925,4.47785400000001,5.337
926,4.48258600000001,4.732
927,4.48722300000001,4.637
928,4.49044000000001,3.217
929,4.49441600000001,3.976
930,4.50127700000001,6.861
931,4.50629400000001,5.017
932,4.51058700000001,4.293
933,4.51549600000001,4.909
934,4.52053600000001,5.04
935,4.523628,3.092
936,4.52771500000001,4.087
937,4.53553700000001,7.822
938,4.53847400000001,2.937
939,4.54238500000001,3.911
940,4.54614500000001,3.76
941,4.55559400000001,9.449
942,4.55867000000001,3.076
943,4.56282500000001,4.155
944,4.56949500000001,6.67
945,4.574062,4.567
946,4.57939500000001,5.333
947,4.58406000000001,4.665
948,4.58930700000001,5.247
949,4.59310800000001,3.801
950,4.597337,4.229
951,4.60355,6.213
952,4.606846,3.296
953,4.611466,4.62
954,4.617003,5.537
955,4.620395,3.392
956,4.625423,5.028
957,4.634274,8.851
958,4.63742800000001,3.154
959,4.64068200000001,3.254
960,4.64507200000001,4.39
961,4.65297200000001,7.9
962,4.65626300000001,3.291
963,4.66065600000001,4.393
964,4.66725900000001,6.603
965,4.67028700000001,3.028
966,4.67657300000001,6.286
967,4.68380400000001,7.231
968,4.68749800000001,3.694
969,4.69075600000001,3.258
970,4.69445100000001,3.695
971,4.70314600000001,8.695
972,4.71311400000001,9.968
973,4.72228600000001,9.172
974,4.72766200000001,5.376
975,4.73245400000001,4.792
976,4.74280200000001,10.348
977,4.74728800000001,4.486
978,4.75328900000001,6.001
979,4.76021900000001,6.93
980,4.76361400000001,3.395
981,4.77033100000001,6.717
982,4.77826500000001,7.934
983,4.78981000000001,11.545
984,4.79636800000001,6.558
985,4.80016800000001,3.8
986,4.80524900000001,5.081
987,4.80911900000001,3.87
988,4.81429700000001,5.178
989,4.817452,3.155
990,4.821857,4.405
991,4.82675,4.893
992,4.830211,3.461
993,4.835057,4.846
994,4.838245,3.188
995,4.842184,3.939
996,4.850975,8.791
997,4.854041,3.066
998,4.859225,5.184
999,4.864403,5.178
1000,4.868885,4.482
1001,4.875213,6.328
1002,4.878029,2.816
1003,4.885628,7.599
1004,4.888715,3.087
1005,4.892775,4.06
1006,4.896629,3.854
1007,4.903622,6.993
1008,4.907193,3.571
1009,4.910776,3.583
1010,4.919939,9.163
1011,4.925035,5.096
1012,4.931596,6.561
1013,4.935613,4.017
1014,4.941254,5.641
1015,4.944502,3.248
1016,4.950251,5.749
1017,4.955333,5.082
1018,4.95956,4.227
1019,4.962685,3.125
1020,4.966742,4.057
1021,4.973798,7.056
1022,4.977677,3.879
1023,4.981756,4.079
1024,4.986299,4.543
1025,4.989691,3.392
1026,4.995555,5.864
1027,4.998959,3.404
1028,5.003818,4.859
1029,5.007149,3.331
1030,5.012595,5.446
1031,5.017968,5.373
1032,5.021166,3.198
1033,5.025117,3.951
1034,5.029178,4.061
1035,5.036869,7.691
1036,5.042139,5.27
1037,5.046868,4.729
1038,5.054026,7.158
1039,5.057543,3.517
1040,5.062354,4.811
1041,5.0682,5.846
1042,5.072879,4.679
1043,5.076209,3.33
1044,5.079978,3.769
1045,5.087906,7.928
1046,5.092815,4.909
1047,5.096862,4.047
1048,5.100819,3.957
1049,5.105505,4.686
1050,5.110397,4.892
1051,5.116538,6.141
1052,5.12103900000001,4.501
1053,5.124309,3.27
1054,5.129771,5.462
1055,5.133797,4.026
1056,5.140369,6.572
1057,5.143824,3.455
1058,5.148472,4.648
1059,5.154024,5.552
1060,5.158285,4.261
1061,5.164033,5.748
1062,5.16745,3.417
1063,5.172076,4.626
1064,5.175301,3.225
1065,5.184557,9.256
1066,5.189143,4.586
1067,5.193105,3.962
1068,5.196261,3.156
1069,5.201886,5.625
1070,5.206478,4.592
1071,5.209626,3.148
1072,5.215415,5.789
1073,5.222493,7.078
1074,5.226075,3.582
1075,5.230157,4.082
1076,5.233982,3.825
1077,5.240432,6.45
1078,5.243537,3.105
1079,5.250947,7.41
1080,5.255116,4.169
1081,5.25837,3.254
1082,5.263183,4.813
1083,5.267817,4.634
1084,5.272285,4.468
1085,5.278157,5.872
1086,5.28142,3.263
1087,5.286509,5.089
1088,5.289947,3.438
1089,5.295757,5.81
1090,5.299867,4.11
1091,5.304784,4.917
1092,5.307951,3.167
1093,5.313385,5.434
1094,5.31817,4.785
1095,5.321629,3.459
1096,5.325622,3.993
1097,5.332419,6.797
1098,5.337252,4.833
1099,5.34106,3.808
1100,5.345036,3.976
1101,5.351089,6.053
1102,5.35398,2.891
1103,5.357759,3.779
1104,5.365278,7.519
1105,5.37038,5.102
1106,5.374626,4.246
1107,5.378635,4.009
1108,5.383736,5.101
1109,5.387069,3.333
1110,5.390977,3.908
1111,5.398866,7.889
1112,5.403722,4.856
1113,5.407056,3.334
1114,5.411466,4.41
1115,5.418273,6.807
1116,5.421457,3.184
1117,5.424924,3.467
1118,5.428884,3.96
1119,5.437012,8.128
1120,5.44005,3.038
1121,5.443707,3.657
1122,5.448935,5.228
1123,5.456439,7.504
1124,5.460155,3.716
1125,5.464265,4.11
1126,5.469764,5.499
1127,5.472869,3.105
1128,5.476806,3.937
1129,5.48338,6.574
1130,5.488218,4.838
1131,5.491648,3.43
1132,5.495476,3.828
1133,5.502789,7.313
1134,5.508023,5.234
1135,5.511251,3.228
1136,5.517903,6.652
1137,5.522615,4.712
1138,5.526018,3.403
1139,5.530443,4.425
1140,5.536378,5.935
1141,5.54045,4.072
1142,5.543611,3.161
1143,5.552506,8.895
1144,5.557206,4.7
1145,5.562145,4.939
1146,5.566583,4.438
1147,5.569195,2.612
1148,5.574052,4.857
1149,5.579003,4.951
1150,5.583027,4.024
1151,5.587306,4.279
1152,5.591872,4.566
1153,5.595018,3.146
1154,5.601421,6.403
1155,5.60542,3.999
1156,5.610146,4.726
1157,5.61669,6.544
1158,5.620683,3.993
1159,5.625989,5.306
1160,5.629393,3.404
1161,5.634347,4.954
1162,5.637761,3.414
1163,5.64242,4.659
1164,5.65042,8.0
1165,5.653899,3.479
1166,5.658829,4.93
1167,5.665301,6.472
1168,5.668451,3.15
1169,5.67411,5.659
1170,5.679208,5.098
1171,5.68235,3.142
1172,5.68641,4.06
1173,5.690502,4.092
1174,5.695193,4.691
1175,5.701247,6.054
1176,5.705297,4.05
1177,5.710299,5.002
1178,5.713299,3.0
1179,5.719268,5.969
1180,5.7233,4.032
1181,5.727984,4.684
1182,5.732319,4.335
1183,5.738317,5.998
1184,5.744926,6.609
1185,5.748156,3.23
1186,5.753338,5.182
1187,5.757434,4.096
1188,5.762279,4.845
1189,5.76799,5.711
1190,5.77202,4.03
1191,5.777421,5.401
1192,5.782259,4.838
1193,5.786332,4.073
1194,5.792121,5.789
1195,5.797331,5.21
1196,5.800346,3.015
1197,5.804297,3.951
1198,5.811458,7.161
1199,5.816107,4.649
1200,5.819979,3.872
1201,5.824165,4.186
1202,5.830669,6.504
1203,5.833995,3.326
1204,5.839678,5.683
1205,5.844731,5.053
1206,5.847857,3.126
1207,5.851819,3.962
1208,5.855896,4.077
1209,5.860731,4.835
1210,5.866158,5.427
1211,5.870187,4.029
1212,5.874187,4.0
1213,5.88202,7.833
1214,5.885558,3.538
1215,5.889523,3.965
1216,5.894471,4.948
1217,5.898476,4.005
1218,5.902209,3.733
1219,5.908282,6.073
1220,5.914243,5.961
1221,5.917473,3.23
1222,5.921373,3.9
1223,5.926042,4.669
1224,5.932662,6.62
1225,5.936295,3.633
1226,5.940374,4.079
1227,5.944968,4.594
1228,5.95119,6.222
1229,5.956878,5.688
1230,5.962078,5.2
1231,5.966466,4.388
1232,5.970337,3.871
1233,5.97436,4.023
1234,5.981993,7.633
1235,5.985043,3.05
1236,5.990541,5.498
1237,5.995914,5.373
1238,5.998965,3.051
1239,6.004778,5.813
1240,6.008825,4.047
1241,6.014445,5.62
1242,6.017614,3.169
1243,6.021621,4.007
1244,6.026281,4.66
1245,6.033184,6.903
1246,6.037159,3.975
1247,6.041344,4.185
1248,6.046389,5.045
1249,6.051842,5.453
1250,6.055505,3.663
1251,6.060222,4.717
1252,6.063859,3.637
1253,6.070254,6.395
1254,6.076092,5.838
1255,6.080607,4.515
1256,6.085886,5.279
1257,6.090056,4.17
1258,6.094879,4.823
1259,6.100923,6.044
1260,6.105062,4.139
1261,6.109565,4.503
1262,6.114083,4.518
1263,6.117638,3.555
1264,6.125048,7.41
1265,6.130005,4.957
1266,6.135541,5.536
1267,6.140549,5.008
1268,6.145467,4.918
1269,6.151535,6.068
1270,6.154848,3.313
1271,6.159593,4.745
1272,6.165545,5.952
1273,6.169203,3.658
1274,6.176068,6.865
1275,6.182455,6.387
1276,6.186753,4.298
1277,6.189709,2.956
1278,6.195257,5.548
1279,6.201383,6.126
1280,6.204521,3.138
1281,6.20862,4.099
1282,6.2148,6.18
1283,6.219695,4.895
1284,6.224498,4.803
1285,6.230699,6.201
1286,6.235413,4.714
1287,6.238603,3.19
1288,6.243145,4.542
1289,6.250749,7.604
1290,6.253845,3.096
1291,6.259942,6.097
1292,6.265351,5.409
1293,6.269896,4.545
1294,6.275196,5.3
1295,6.27916,3.964
1296,6.285682,6.522
1297,6.288895,3.213
1298,6.292892,3.997
1299,6.302228,9.336
1300,6.305254,3.026
1301,6.309455,4.201
1302,6.313251,3.796
1303,6.321162,7.911
1304,6.326292,5.13
1305,6.332607,6.315
1306,6.33697,4.363
1307,6.34031,3.34
1308,6.344499,4.189
1309,6.349319,4.82
1310,6.354284,4.965
1311,6.358193,3.909
1312,6.364969,6.776
1313,6.370485,5.516
1314,6.374001,3.516
1315,6.378433,4.432
1316,6.383496,5.063
1317,6.386489,2.993
1318,6.390272,3.783
1319,6.40002800000001,9.756
1320,6.40308500000001,3.057
1321,6.407283,4.198
1322,6.411177,3.894
1323,6.419263,8.086
1324,6.422807,3.544
1325,6.426791,3.984
1326,6.431938,5.147
1327,6.43644,4.502
1328,6.440511,4.071
1329,6.445373,4.862
1330,6.448764,3.391
1331,6.455185,6.421
1332,6.459212,4.027
1333,6.464645,5.433
1334,6.469291,4.646
1335,6.473366,4.075
1336,6.478006,4.64
1337,6.481401,3.395
1338,6.485388,3.987
1339,6.49196,6.572
1340,6.496305,4.345
1341,6.500278,3.973
1342,6.504407,4.129
1343,6.509255,4.848
1344,6.515173,5.918
1345,6.518935,3.762
1346,6.523875,4.94
1347,6.526905,3.03
1348,6.533917,7.012
1349,6.539769,5.852
1350,6.544728,4.959
1351,6.549005,4.277
1352,6.552948,3.943
1353,6.557962,5.014
1354,6.563698,5.736
1355,6.568471,4.773
1356,6.573261,4.79
1357,6.578221,4.96
1358,6.581553,3.332
1359,6.587247,5.694
1360,6.592026,4.779
1361,6.597354,5.328
1362,6.600746,3.392
1363,6.604858,4.112
1364,6.609479,4.621
1365,6.615978,6.499
1366,6.619516,3.538
1367,6.624363,4.847
1368,6.628776,4.413
1369,6.635125,6.349
1370,6.63889,3.765
1371,6.64363,4.74
1372,6.647179,3.549
1373,6.654032,6.853
1374,6.660633,6.601
1375,6.667028,6.395
1376,6.669976,2.948
1377,6.673601,3.625
1378,6.678247,4.646
1379,6.684641,6.394
1380,6.688246,3.605
1381,6.692642,4.396
1382,6.700368,7.726
1383,6.703835,3.467
1384,6.710508,6.673
1385,6.715855,5.347
1386,6.71993100000001,4.076
1387,6.72370100000001,3.77
1388,6.72896800000001,5.267
1389,6.73228600000001,3.318
1390,6.73783300000001,5.547
1391,6.74233900000001,4.506
1392,6.74985800000001,7.519
1393,6.75353400000001,3.676
1394,6.76051000000001,6.976
1395,6.76464700000001,4.137
1396,6.76938600000001,4.739
1397,6.77357500000001,4.189
1398,6.77824400000001,4.669
1399,6.78182900000001,3.585
1400,6.785632,3.803
1401,6.792841,7.209
1402,6.797014,4.173
1403,6.801006,3.992
1404,6.80499,3.984
1405,6.809778,4.788
1406,6.815331,5.553
1407,6.8188,3.469
1408,6.823693,4.893
1409,6.82878,5.087
1410,6.834432,5.652
1411,6.83818,3.748
1412,6.844937,6.757
1413,6.849751,4.814
1414,6.85337,3.619
1415,6.858195,4.825
1416,6.862203,4.008
1417,6.869416,7.213
1418,6.872512,3.096
1419,6.876938,4.426
1420,6.884927,7.989
1421,6.891043,6.116
1422,6.89555,4.507
1423,6.900753,5.203
1424,6.904297,3.544
1425,6.908724,4.427
1426,6.91569,6.966
1427,6.919284,3.594
1428,6.923232,3.948
1429,6.92885,5.618
1430,6.933172,4.322
1431,6.937286,4.114
1432,6.942202,4.916
1433,6.945299,3.097
1434,6.94933,4.031
1435,6.953513,4.183
1436,6.958173,4.66
1437,6.963936,5.763
1438,6.967964,4.028
1439,6.973868,5.904
1440,6.976428,2.56
1441,6.98164,5.212
1442,6.985694,4.054
1443,6.990313,4.619
1444,6.99417100000001,3.858
1445,7.00182400000001,7.653
1446,7.006733,4.909
1447,7.00963300000001,2.9
1448,7.01371300000001,4.08
1449,7.01926100000001,5.548
1450,7.02529200000001,6.031
1451,7.02869200000001,3.4
1452,7.03536700000001,6.675
1453,7.04053200000001,5.165
1454,7.04438900000001,3.857
1455,7.04737300000001,2.984
1456,7.05119600000001,3.823
1457,7.05782800000001,6.632
1458,7.06053000000001,2.702
1459,7.06458000000001,4.05
1460,7.06913500000001,4.555
1461,7.07269700000001,3.562
1462,7.07946400000001,6.767
1463,7.083447,3.983
1464,7.088179,4.732
1465,7.091432,3.253
1466,7.097585,6.153
1467,7.102383,4.798
1468,7.105502,3.119
1469,7.10953800000001,4.036
1470,7.11673800000001,7.2
1471,7.121248,4.51
1472,7.12446000000001,3.212
1473,7.13214400000001,7.684
1474,7.13685800000001,4.714
1475,7.14301900000001,6.161
1476,7.146784,3.765
1477,7.1515,4.716
1478,7.156219,4.719
1479,7.159401,3.182
1480,7.166811,7.41
1481,7.173065,6.254
1482,7.177597,4.532
1483,7.183704,6.107
1484,7.187622,3.918
1485,7.192393,4.771
1486,7.195643,3.25
1487,7.201792,6.149
1488,7.206609,4.817
1489,7.209756,3.147
1490,7.21707200000001,7.316
1491,7.22108600000001,4.014
1492,7.22622700000001,5.141
1493,7.232657,6.43
1494,7.23657,3.913
1495,7.24151000000001,4.94
1496,7.24480100000001,3.291
1497,7.248764,3.963
1498,7.25479700000001,6.033
1499,7.259312,4.515
1500,7.2673,7.988
1501,7.27414600000001,6.846
1502,7.27834700000001,4.201
1503,7.28281400000001,4.467
1504,7.28776600000001,4.952
1505,7.29253600000001,4.77
1506,7.29585200000001,3.316
1507,7.29999800000001,4.146
1508,7.30420000000001,4.202
1509,7.30879200000001,4.592
1510,7.31526200000001,6.47
1511,7.31914500000001,3.883
1512,7.32618900000001,7.044
1513,7.33211100000001,5.922
1514,7.33687200000001,4.761
1515,7.34266300000001,5.791
1516,7.34824200000001,5.579
1517,7.35144100000001,3.199
1518,7.35569300000001,4.252
1519,7.36047000000001,4.777
1520,7.36400800000001,3.538
1521,7.36999400000001,5.986
1522,7.37507000000001,5.076
1523,7.37930000000001,4.23
1524,7.38326600000001,3.966
1525,7.38729200000001,4.026
1526,7.39368000000001,6.388
1527,7.39960100000001,5.921
1528,7.40369400000001,4.093
1529,7.40868500000001,4.991
1530,7.41194900000001,3.264
1531,7.41841200000001,6.463
1532,7.42533800000001,6.926
1533,7.43052300000001,5.185
1534,7.43408100000001,3.558
1535,7.43817300000001,4.092
1536,7.44331000000001,5.137
1537,7.44849300000001,5.183
1538,7.45247700000001,3.984
1539,7.45734200000001,4.865
1540,7.46084400000001,3.502
1541,7.46681900000001,5.975
1542,7.47166500000001,4.846
1543,7.47572700000001,4.062
1544,7.48179100000001,6.064
1545,7.48597500000001,4.184
1546,7.49072300000001,4.748
1547,7.49442000000001,3.697
1548,7.50046800000001,6.048
1549,7.50469500000001,4.227
1550,7.51108600000001,6.391
1551,7.51455500000001,3.469
1552,7.51901100000001,4.456
1553,7.52385100000001,4.84
1554,7.52706900000001,3.218
1555,7.53208100000001,5.012
1556,7.53899000000001,6.909
1557,7.54357600000001,4.586
1558,7.54767900000001,4.103
1559,7.55213100000001,4.452
1560,7.55725000000001,5.119
1561,7.56119600000001,3.946
1562,7.56537400000001,4.178
1563,7.56953200000001,4.158
1564,7.57541200000001,5.88
1565,7.57897400000001,3.562
1566,7.58289300000001,3.919
1567,7.58775600000001,4.863
1568,7.59258000000001,4.824
1569,7.59624400000001,3.664
1570,7.60192600000001,5.682
1571,7.60696000000001,5.034
1572,7.61125000000001,4.29
1573,7.61478500000001,3.535
1574,7.61945200000001,4.667
1575,7.62265700000001,3.205
1576,7.63102000000001,8.363
1577,7.63484300000001,3.823
1578,7.63961000000001,4.767
1579,7.64498100000001,5.371
1580,7.64980500000001,4.824
1581,7.65511400000001,5.309
1582,7.65888400000001,3.77
1583,7.66475800000001,5.874
1584,7.66887600000001,4.118
1585,7.67358300000001,4.707
1586,7.67895800000001,5.375
1587,7.68313300000001,4.175
1588,7.68826800000001,5.135
1589,7.69153500000001,3.267
1590,7.69737400000001,5.839
1591,7.70129600000001,3.922
1592,7.70617500000001,4.879
1593,7.70958600000001,3.411
1594,7.71633700000001,6.751
1595,7.72101900000001,4.682
1596,7.72442300000001,3.404
1597,7.72877300000001,4.35
1598,7.73504700000001,6.274
1599,7.74161400000001,6.567
1600,7.74549100000001,3.877
1601,7.74880400000001,3.313
1602,7.75362300000001,4.819
1603,7.75719900000001,3.576
1604,7.76426800000001,7.069
1605,7.76750400000001,3.236
1606,7.77236800000001,4.864
1607,7.77585500000001,3.487
1608,7.78113200000001,5.277
1609,7.78589000000001,4.758
1610,7.78916700000001,3.277
1611,7.79704700000001,7.88
1612,7.80096000000001,3.913
1613,7.80584600000001,4.886
1614,7.80930100000001,3.455
1615,7.81550100000001,6.2
1616,7.81990800000001,4.407
1617,7.82291800000001,3.01
1618,7.83151800000001,8.6
1619,7.83717200000001,5.654
1620,7.84196900000001,4.797
1621,7.84731300000001,5.344
1622,7.85127600000001,3.963
1623,7.85595300000001,4.677
1624,7.86266800000001,6.715
1625,7.86660900000001,3.941
1626,7.87179100000001,5.182
1627,7.87655700000001,4.766
1628,7.88017400000001,3.617
1629,7.88411800000001,3.944
1630,7.88887100000001,4.753
1631,7.89641100000001,7.54
1632,7.90017000000001,3.759
1633,7.90576400000001,5.594
1634,7.91162600000001,5.862
1635,7.91502400000001,3.398
1636,7.91907700000001,4.053
1637,7.92442700000001,5.35
1638,7.93141700000001,6.99
1639,7.93761900000001,6.202
1640,7.94208300000001,4.464
1641,7.94641900000001,4.336
1642,7.95004300000001,3.624
1643,7.95417300000001,4.13
1644,7.95942900000001,5.256
1645,7.96688800000001,7.459
1646,7.97097400000001,4.086
1647,7.97564300000001,4.669
1648,7.97892700000001,3.284
1649,7.98728100000001,8.354
1650,7.99188300000001,4.602
1651,7.99690800000001,5.025
1652,8.00079100000001,3.883
1653,8.00483400000001,4.043
1654,8.00962900000001,4.795
1655,8.01599700000001,6.368
1656,8.01983300000001,3.836
1657,8.02514500000001,5.312
1658,8.03590900000001,10.764
1659,8.04169500000001,5.786
1660,8.04667300000001,4.978
1661,8.04983500000001,3.162
1662,8.05400900000001,4.174
1663,8.05795800000001,3.949
1664,8.06655900000001,8.601
1665,8.06968600000001,3.127
1666,8.07356900000001,3.883
1667,8.07802700000001,4.458
1668,8.08390400000001,5.877
1669,8.08971400000001,5.81
1670,8.09587700000001,6.163
1671,8.09986600000001,3.989
1672,8.10370000000001,3.834
1673,8.10788800000001,4.188
1674,8.11424100000001,6.353
1675,8.11922100000001,4.98
1676,8.12304900000001,3.828
1677,8.12727900000001,4.23
1678,8.13524400000001,7.965
1679,8.14114200000001,5.898
1680,8.14572500000001,4.583
1681,8.14906200000001,3.337
1682,8.15322300000001,4.161
1683,8.15961000000001,6.387
1684,8.16541700000001,5.807
1685,8.16872400000001,3.307
1686,8.17298600000001,4.262
1687,8.17909100000001,6.105
1688,8.18227900000001,3.188
1689,8.18837500000001,6.096
1690,8.19286600000001,4.491
1691,8.19800100000001,5.135
1692,8.20212800000001,4.127
1693,8.20645800000001,4.33
1694,8.21468200000001,8.224
1695,8.21778200000001,3.1
1696,8.22168500000001,3.903
1697,8.22650600000001,4.821
1698,8.23183600000001,5.33
1699,8.23644200000001,4.606
1700,8.24017000000001,3.728
1701,8.25001300000001,9.843
1702,8.25320200000001,3.189
1703,8.25744200000001,4.24
1704,8.26231200000001,4.87
1705,8.26862200000001,6.31
1706,8.27266100000001,4.039
1707,8.27806800000001,5.407
1708,8.28340900000001,5.341
1709,8.28921800000001,5.809
1710,8.29306700000001,3.849
1711,8.30105600000001,7.989
1712,8.30430000000001,3.244
1713,8.30863600000001,4.336
1714,8.31683900000001,8.203
1715,8.32002400000001,3.185
1716,8.32378700000001,3.763
1717,8.32918400000001,5.397
1718,8.33366300000001,4.479
1719,8.34009300000001,6.43
1720,8.34393300000001,3.84
1721,8.35216200000001,8.229
1722,8.35579900000001,3.637
1723,8.35965900000001,3.86
1724,8.36605100000001,6.392
1725,8.36952400000001,3.473
1726,8.37366800000001,4.144
1727,8.38026200000001,6.594
1728,8.38464800000001,4.386
1729,8.38819600000001,3.548
1730,8.39219900000001,4.003
1731,8.39710000000001,4.901
1732,8.40028300000001,3.183
1733,8.40412300000001,3.84
1734,8.41237500000001,8.252
1735,8.41566400000001,3.289
1736,8.41924900000001,3.585
1737,8.42339100000001,4.142
1738,8.42827200000001,4.881
1739,8.43548800000001,7.216
1740,8.43938700000001,3.899
1741,8.44456300000001,5.176
1742,8.45030400000001,5.741
1743,8.45403900000001,3.735
1744,8.46067300000001,6.634
1745,8.46401000000001,3.337
1746,8.46946200000001,5.452
1747,8.47316000000001,3.698
1748,8.47699000000001,3.83
1749,8.48471500000001,7.725
1750,8.48849000000001,3.775
1751,8.49294400000001,4.454
1752,8.49656700000001,3.623
1753,8.50035500000001,3.788
1754,8.50683400000001,6.479
1755,8.51116500000001,4.331
1756,8.51432300000001,3.158
1757,8.51829200000001,3.969
1758,8.52301800000001,4.726
1759,8.53080100000001,7.783
1760,8.53453200000001,3.731
1761,8.53855000000001,4.018
1762,8.54520800000001,6.658
1763,8.54845200000001,3.244
1764,8.55424200000001,5.79
1765,8.56122900000001,6.987
1766,8.56485200000001,3.623
1767,8.56807700000001,3.225
1768,8.57209800000001,4.021
1769,8.58265700000001,10.559
1770,8.58617000000001,3.513
1771,8.58939300000001,3.223
1772,8.59443600000001,5.043
1773,8.59808900000001,3.653
1774,8.60380400000001,5.715
1775,8.60858300000001,4.779
1776,8.61507500000001,6.492
1777,8.61906300000001,3.988
1778,8.62305700000001,3.994
1779,8.62973600000001,6.679
1780,8.63366400000001,3.928
1781,8.63718600000001,3.522
1782,8.64174600000001,4.56
1783,8.65090500000001,9.159
1784,8.65621500000001,5.31
1785,8.66105900000001,4.844
1786,8.66422100000001,3.162
1787,8.66900100000001,4.78
1788,8.67235700000001,3.356
1789,8.68225000000001,9.893
1790,8.68554200000001,3.292
1791,8.68955900000001,4.017
1792,8.69667800000001,7.119
1793,8.70013300000001,3.455
1794,8.70511500000001,4.982
1795,8.71070000000001,5.585
1796,8.71624000000001,5.54
1797,8.72041300000001,4.173
1798,8.72415100000001,3.738
1799,8.73207100000001,7.92
1800,8.73645800000001,4.387
1801,8.73936000000001,2.902
1802,8.74647600000001,7.116
1803,8.75032500000001,3.849
1804,8.75627200000002,5.947
1805,8.76308800000002,6.816
1806,8.76631400000002,3.226
1807,8.77024300000001,3.929
1808,8.77468200000001,4.439
1809,8.78247400000001,7.792
1810,8.78559800000001,3.124
1811,8.78969800000001,4.1
1812,8.79497800000001,5.28
1813,8.80080000000001,5.822
1814,8.80654800000002,5.748
1815,8.81190600000001,5.358
1816,8.81641500000002,4.509
1817,8.82036800000001,3.953
1818,8.82438800000001,4.02
1819,8.83109400000001,6.706
1820,8.83551200000001,4.418
1821,8.84086000000001,5.348
1822,8.84544100000001,4.581
1823,8.84974000000001,4.299
1824,8.85613300000001,6.393
1825,8.86069700000001,4.564
1826,8.86418800000001,3.491
1827,8.86795500000001,3.767
1828,8.87225800000001,4.303
1829,8.88094500000001,8.687
1830,8.88423900000001,3.294
1831,8.88833700000001,4.098
1832,8.89501000000001,6.673
1833,8.89799100000001,2.981
1834,8.90369700000001,5.706
1835,8.90835700000001,4.66
1836,8.91385100000001,5.494
1837,8.91787100000001,4.02
1838,8.92213300000001,4.262
1839,8.92736000000001,5.227
1840,8.93223800000001,4.878
1841,8.93640800000001,4.17
1842,8.94154600000001,5.138
1843,8.94709200000002,5.546
1844,8.95292000000001,5.828
1845,8.95718300000001,4.263
1846,8.96450200000002,7.319
1847,8.96739400000001,2.892
1848,8.97242000000002,5.026
1849,8.97804300000002,5.623
1850,8.98154800000002,3.505
1851,8.98551700000002,3.969
1852,8.98952700000001,4.01
1853,8.99868900000001,9.162
1854,9.00374700000001,5.058
1855,9.00778400000002,4.037
1856,9.01383300000002,6.049
1857,9.01712200000002,3.289
1858,9.02054300000002,3.421
1859,9.03001300000002,9.47
1860,9.03347900000002,3.466
1861,9.03901000000002,5.531
1862,9.04327900000002,4.269
1863,9.04839300000002,5.114
1864,9.05313800000002,4.745
1865,9.05729800000002,4.16
1866,9.06569900000002,8.401
1867,9.07015700000002,4.458
1868,9.07485600000002,4.699
1869,9.08148100000002,6.625
1870,9.08476000000002,3.279
1871,9.08878200000002,4.022
1872,9.09285500000002,4.073
1873,9.10015300000002,7.298
1874,9.10531300000002,5.16
1875,9.11165500000002,6.342
1876,9.11612100000002,4.466
1877,9.12066500000002,4.544
1878,9.12348300000002,2.818
1879,9.12914600000002,5.663
1880,9.13357400000002,4.428
1881,9.13742900000002,3.855
1882,9.14550000000002,8.071
1883,9.15282100000002,7.321
1884,9.15612400000002,3.303
1885,9.16001100000002,3.887
1886,9.16636600000002,6.355
1887,9.16998800000002,3.622
1888,9.17376800000002,3.78
1889,9.18176300000002,7.995
1890,9.18446100000002,2.698
1891,9.18826800000002,3.807
1892,9.19226100000002,3.993
1893,9.20310300000002,10.842
1894,9.20814600000002,5.043
1895,9.21206200000002,3.916
1896,9.21673800000002,4.676
1897,9.21998400000002,3.246
1898,9.22411500000002,4.131
1899,9.22906300000002,4.948
1900,9.23437800000002,5.315
1901,9.23804900000002,3.671
1902,9.24175500000002,3.706
1903,9.25019800000002,8.443
1904,9.25532200000002,5.124
1905,9.26114700000002,5.825
1906,9.26692600000002,5.779
1907,9.26997500000002,3.049
1908,9.27436800000002,4.393
1909,9.27972200000002,5.354
1910,9.28332000000002,3.598
1911,9.28827800000002,4.958
1912,9.29230600000002,4.028
1913,9.29716900000002,4.863
1914,9.30220500000002,5.036
1915,9.30749500000002,5.29
1916,9.31215700000002,4.662
1917,9.31545600000002,3.299
1918,9.31933500000002,3.879
1919,9.32602200000002,6.687
1920,9.32958800000002,3.566
1921,9.33481700000002,5.229
1922,9.33878300000002,3.966
1923,9.34429900000002,5.516
1924,9.34917100000002,4.872
1925,9.35318500000002,4.014
1926,9.35840800000002,5.223
1927,9.36355600000002,5.148
1928,9.36711900000002,3.563
1929,9.37308600000002,5.967
1930,9.37788500000002,4.799
1931,9.38125300000002,3.368
1932,9.38528100000002,4.028
1933,9.38977000000002,4.489
1934,9.39556400000002,5.794
1935,9.39935900000002,3.795
1936,9.40340300000002,4.044
1937,9.40794000000002,4.537
1938,9.41443600000002,6.496
1939,9.42025500000002,5.819
1940,9.42755600000002,7.301
1941,9.43066500000002,3.109
1942,9.43401100000002,3.346
1943,9.43809900000002,4.088
1944,9.44479500000002,6.696
1945,9.44817300000002,3.378
1946,9.45146500000002,3.292
1947,9.45751300000002,6.048
1948,9.46277800000002,5.265
1949,9.46833300000002,5.555
1950,9.47224500000002,3.912
1951,9.47697200000002,4.727
1952,9.48048100000002,3.509
1953,9.48428400000002,3.803
1954,9.48869400000002,4.41
1955,9.49342600000002,4.732
1956,9.49994800000002,6.522
1957,9.50388000000002,3.932
1958,9.50858500000002,4.705
1959,9.51172500000002,3.14
1960,9.51777400000002,6.049
1961,9.52232200000002,4.548
1962,9.53064400000002,8.322
1963,9.53382800000002,3.184
1964,9.53905300000002,5.225
1965,9.54372300000002,4.67
1966,9.54684100000002,3.118
1967,9.55290000000002,6.059
1968,9.55751500000002,4.615
1969,9.56396100000002,6.446
1970,9.56858700000002,4.626
1971,9.57349200000002,4.905
1972,9.57836200000002,4.87
1973,9.58158000000002,3.218
1974,9.58744600000002,5.866
1975,9.59286200000002,5.416
1976,9.59593900000002,3.077
1977,9.59994000000002,4.001
1978,9.60380600000002,3.866
1979,9.61145600000002,7.65
1980,9.61447500000002,3.019
1981,9.61843100000002,3.956
1982,9.62307000000002,4.639
1983,9.62975700000002,6.687
1984,9.63350200000002,3.745
1985,9.63750200000002,4.0
1986,9.64217400000002,4.672
1987,9.64870800000002,6.534
1988,9.65290900000002,4.201
1989,9.65983600000002,6.927
1990,9.66470600000002,4.87
1991,9.66931000000002,4.604
1992,9.67558000000002,6.27
1993,9.68079100000002,5.211
1994,9.68477400000002,3.983
1995,9.69021800000002,5.444
1996,9.69490400000002,4.686
1997,9.69810400000002,3.2
1998,9.70300900000002,4.905
1999,9.70928800000002,6.279
2000,9.71250700000002,3.219
2001,9.71645600000002,3.949
2002,9.72048200000002,4.026
2003,9.72521400000002,4.732
2004,9.73045600000002,5.242
2005,9.73461300000002,4.157
2006,9.73903100000002,4.418
2007,9.74558800000002,6.557
2008,9.75119200000002,5.604
2009,9.75505300000002,3.861
2010,9.75981700000002,4.764
2011,9.76339800000002,3.581
2012,9.76728600000002,3.888
2013,9.77844700000002,11.161
2014,9.78212300000002,3.676
2015,9.78551400000002,3.391
2016,9.78953100000002,4.017
2017,9.79635900000002,6.828
2018,9.80052300000002,4.164
2019,9.80559000000002,5.067
2020,9.81192900000002,6.339
2021,9.81608300000002,4.154
2022,9.82048900000002,4.406
2023,9.82572500000002,5.236
2024,9.82999600000002,4.271
2025,9.83779700000002,7.801
2026,9.84238100000002,4.584
2027,9.84756300000002,5.182
2028,9.85232700000002,4.764
2029,9.85701100000002,4.684
2030,9.86152400000002,4.513
2031,9.87112400000002,9.6
2032,9.87617300000002,5.049
2033,9.88438000000002,8.207
2034,9.88956400000002,5.184
2035,9.89280300000002,3.239
2036,9.89624700000002,3.444
2037,9.90086600000002,4.619
2038,9.90594100000002,5.075
2039,9.90995000000002,4.009
2040,9.91482400000002,4.874
2041,9.91797300000002,3.149
2042,9.92181000000002,3.837
2043,9.93085000000002,9.04
2044,9.93377300000002,2.923
2045,9.93789300000002,4.12
2046,9.94384100000002,5.948
2047,9.94835100000002,4.51
2048,9.95357400000002,5.223
2049,9.95935000000002,5.776
2050,9.96426700000002,4.917
2051,9.96727000000002,3.003
2052,9.97056300000002,3.293
2053,9.97874500000002,8.182
2054,9.98151700000002,2.772
2055,9.98559700000002,4.08
2056,9.98940700000002,3.81
2057,9.99770800000002,8.301
2058,10.002749,5.041
2059,10.009557,6.808
2060,10.013664,4.107
2061,10.016695,3.031
2062,10.022089,5.394
2063,10.029053,6.964
2064,10.032148,3.095
2065,10.037627,5.479
2066,10.041557,3.93
2067,10.048162,6.605
2068,10.053307,5.145
2069,10.059231,5.924
2070,10.064356,5.125
2071,10.067662,3.306
2072,10.071957,4.295
2073,10.078618,6.661
2074,10.081646,3.028
2075,10.08529,3.644
2076,10.091353,6.063
2077,10.095737,4.384
2078,10.10058,4.843
2079,10.104434,3.854
2080,10.110881,6.447
2081,10.114112,3.231
2082,10.11784,3.728
2083,10.122094,4.254
2084,10.130209,8.115
2085,10.133269,3.06
2086,10.137294,4.025
2087,10.142184,4.89
2088,10.147695,5.511
2089,10.151547,3.852
2090,10.155437,3.89
2091,10.162972,7.535
2092,10.167322,4.35
2093,10.172894,5.572
2094,10.17799,5.096
2095,10.181117,3.127
2096,10.185218,4.101
2097,10.188996,3.778
2098,10.199252,10.256
2099,10.202578,3.326
2100,10.206529,3.951
2101,10.211202,4.673
2102,10.214208,3.006
2103,10.220094,5.886
2104,10.2239,3.806
2105,10.22843,4.53
2106,10.231742,3.312
2107,10.235655,3.913
2108,10.243344,7.689
2109,10.246969,3.625
2110,10.252467,5.498
2111,10.256351,3.884
2112,10.261991,5.64
2113,10.266325,4.334
2114,10.274237,7.912
2115,10.278129,3.892
2116,10.281756,3.627
2117,10.285356,3.6
2118,10.292398,7.042
2119,10.295792,3.394
2120,10.30111,5.318
2121,10.304979,3.869
2122,10.310446,5.467
2123,10.314005,3.559
2124,10.319237,5.232
2125,10.324039,4.802
2126,10.328952,4.913
2127,10.332651,3.699
2128,10.338426,5.775
2129,10.342955,4.529
2130,10.347792,4.837
2131,10.351551,3.759
2132,10.35733,5.779
2133,10.36306,5.73
2134,10.36619,3.13
2135,10.370005,3.815
2136,10.374964,4.959
2137,10.37918,4.216
2138,10.384487,5.307
2139,10.388773,4.286
2140,10.396028,7.255
2141,10.400066,4.038
2142,10.403984,3.918
2143,10.410648,6.664
2144,10.414691,4.043
2145,10.418782,4.091
2146,10.423148,4.366
2147,10.4307,7.552
2148,10.436235,5.535
2149,10.440217,3.982
2150,10.445014,4.797
2151,10.450051,5.037
2152,10.453892,3.841
2153,10.460776,6.884
2154,10.465402,4.626
2155,10.470558,5.156
2156,10.473893,3.335
2157,10.47871,4.817
2158,10.483797,5.087
2159,10.487734,3.937
2160,10.492214,4.48
2161,10.495404,3.19
2162,10.499481,4.077
2163,10.503321,3.84
2164,10.510421,7.1
2165,10.513613,3.192
2166,10.517589,3.976
2167,10.522992,5.403
2168,10.527321,4.329
2169,10.531431,4.11
2170,10.535526,4.095
2171,10.540002,4.476
2172,10.546652,6.65
2173,10.552165,5.513
2174,10.557767,5.602
2175,10.562566,4.799
2176,10.565805,3.239
2177,10.569586,3.781
2178,10.574247,4.661
2179,10.580327,6.08
2180,10.584206,3.879
2181,10.591555,7.349
2182,10.597056,5.501
2183,10.602804,5.748
2184,10.60669,3.886
2185,10.612169,5.479
2186,10.615345,3.176
2187,10.619025,3.68
2188,10.625676,6.651
2189,10.629406,3.73
2190,10.633217,3.811
2191,10.637096,3.879
2192,10.642074,4.978
2193,10.646975,4.901
2194,10.65136,4.385
2195,10.656058,4.698
2196,10.659443,3.385
2197,10.663535,4.092
2198,10.670353,6.818
2199,10.675102,4.749
2200,10.678191,3.089
2201,10.681946,3.755
2202,10.687078,5.132
2203,10.69003,2.952
2204,10.695968,5.938
2205,10.699742,3.774
2206,10.704487,4.745
2207,10.707525,3.038
2208,10.71335,5.825
2209,10.71788,4.53
2210,10.720947,3.067
2211,10.729497,8.55
2212,10.734963,5.466
2213,10.739544,4.581
2214,10.745183,5.639
2215,10.748773,3.59
2216,10.753536,4.763
2217,10.756466,2.93
2218,10.762584,6.118
2219,10.766335,3.751
2220,10.771234,4.899
2221,10.775714,4.48
2222,10.781574,5.86
2223,10.787956,6.382
2224,10.792765,4.809
2225,10.796869,4.104
2226,10.800372,3.503
2227,10.804946,4.574
2228,10.812334,7.388
2229,10.816312,3.978
2230,10.820221,3.909
2231,10.823427,3.206
2232,10.830909,7.482
2233,10.834776,3.867
2234,10.841393,6.617
2235,10.84458,3.187
2236,10.849141,4.561
2237,10.853992,4.851
2238,10.856952,2.96
2239,10.862754,5.802
2240,10.868925,6.171
2241,10.874364,5.439
2242,10.878915,4.551
2243,10.882924,4.009
2244,10.887754,4.83
2245,10.891445,3.691
2246,10.895288,3.843
2247,10.899447,4.159
2248,10.903949,4.502
2249,10.911959,8.01
2250,10.918309,6.35
2251,10.921956,3.647
2252,10.930217,8.261
2253,10.933804,3.587
2254,10.936836,3.032
2255,10.942808,5.972
2256,10.946208,3.4
2257,10.951029,4.821
2258,10.955812,4.783
2259,10.958883,3.071
2260,10.963534,4.651
2261,10.967948,4.414
2262,10.973024,5.076
2263,10.979434,6.41
2264,10.983155,3.721
2265,10.987823,4.668
2266,10.991033,3.21
2267,10.995022,3.989
2268,11.001279,6.257
2269,11.005291,4.012
2270,11.014052,8.761
2271,11.017553,3.501
2272,11.023896,6.343
2273,11.027546,3.65
2274,11.033257,5.711
2275,11.037088,3.831
2276,11.042916,5.828
2277,11.046917,4.001
2278,11.051922,5.005
2279,11.058764,6.842
2280,11.06213,3.366
2281,11.065765,3.635
2282,11.069809,4.044
2283,11.074126,4.317
2284,11.08101,6.884
2285,11.084654,3.644
2286,11.089349,4.695
2287,11.092635,3.286
2288,11.098249,5.614
2289,11.102169,3.92
2290,11.10724,5.071
2291,11.110641,3.401
2292,11.11403,3.389
2293,11.120927,6.897
2294,11.126042,5.115
2295,11.129857,3.815
2296,11.136044,6.187
2297,11.142288,6.244
2298,11.146813,4.525
2299,11.149955,3.142
2300,11.154829,4.874
2301,11.158876,4.047
2302,11.162796,3.92
2303,11.168603,5.807
2304,11.174043,5.44
2305,11.177634,3.591
2306,11.183161,5.527
2307,11.18799,4.829
2308,11.19261,4.62
2309,11.196733,4.123
2310,11.200356,3.623
2311,11.205333,4.977
2312,11.211589,6.256
2313,11.216653,5.064
2314,11.22161,4.957
2315,11.226411,4.801
2316,11.230511,4.1
2317,11.234207,3.696
2318,11.240084,5.877
2319,11.245534,5.45
2320,11.250707,5.173
2321,11.255919,5.212
2322,11.264089,8.17
2323,11.267116,3.027
2324,11.270625,3.509
2325,11.275876,5.251
2326,11.279997,4.121
2327,11.284678,4.681
2328,11.290466,5.788
2329,11.294003,3.537
2330,11.29773,3.727
2331,11.301654,3.924
2332,11.308918,7.264
2333,11.312067,3.149
2334,11.316859,4.792
2335,11.321543,4.684
2336,11.326158,4.615
2337,11.329622,3.464
2338,11.333503,3.881
2339,11.33813,4.627
2340,11.345739,7.609
2341,11.349669,3.93
2342,11.354468,4.799
2343,11.359769,5.301
2344,11.363823,4.054
2345,11.369176,5.353
2346,11.375221,6.045
2347,11.379094,3.873
2348,11.382673,3.579
2349,11.386828,4.155
2350,11.390203,3.375
2351,11.396504,6.301
2352,11.40223,5.726
2353,11.406758,4.528
2354,11.414209,7.451
2355,11.417277,3.068
2356,11.421502,4.225
2357,11.424582,3.08
2358,11.428864,4.282
2359,11.433298,4.434
2360,11.437878,4.58
2361,11.44133,3.452
2362,11.447484,6.154
2363,11.451607,4.123
2364,11.454993,3.386
2365,11.458802,3.809
2366,11.463002,4.2
2367,11.469823,6.821
2368,11.472839,3.016
2369,11.476949,4.11
2370,11.4808,3.851
2371,11.485427,4.627
2372,11.488615,3.188
2373,11.494789,6.174
2374,11.501103,6.314
2375,11.504356,3.253
2376,11.509952,5.596
2377,11.513248,3.296
2378,11.517891,4.643
2379,11.520924,3.033
2380,11.529366,8.442
2381,11.533327,3.961
2382,11.537959,4.632
2383,11.541109,3.15
2384,11.548011,6.902
2385,11.552333,4.322
2386,11.558293,5.96
2387,11.563202,4.909
2388,11.56757,4.368
2389,11.572279,4.709
2390,11.575562,3.283
2391,11.579421,3.859
2392,11.58536,5.939
2393,11.58978,4.42
2394,11.597165,7.385
2395,11.600964,3.799
2396,11.605486,4.522
2397,11.610791,5.305
2398,11.614645,3.854
2399,11.618751,4.106
2400,11.623046,4.295
2401,11.628655,5.609
2402,11.632001,3.346
2403,11.637988,5.987
2404,11.642469,4.481
2405,11.648049,5.58
2406,11.651953,3.904
2407,11.661101,9.148
2408,11.664623,3.522
2409,11.668296,3.673
2410,11.672218,3.922
2411,11.676922,4.704
2412,11.682032,5.11
2413,11.686031,3.999
2414,11.689611,3.58
2415,11.697122,7.511
2416,11.700163,3.041
2417,11.704197,4.034
2418,11.70869,4.493
2419,11.713865,5.175
2420,11.717298,3.433
2421,11.72106,3.762
2422,11.730923,9.863
2423,11.735917,4.994
2424,11.739774,3.857
2425,11.744408,4.634
2426,11.749175,4.767
2427,11.753063,3.888
2428,11.75746,4.397
2429,11.764745,7.285
2430,11.768015,3.27
2431,11.772851,4.836
2432,11.779327,6.476
2433,11.782652,3.325
2434,11.788521,5.869
2435,11.792314,3.793
2436,11.796997,4.683
2437,11.800063,3.066
2438,11.803939,3.876
2439,11.810839,6.9
2440,11.813718,2.879
2441,11.817431,3.713
2442,11.821448,4.017
2443,11.829927,8.479
2444,11.832972,3.045
2445,11.836841,3.869
2446,11.840672,3.831
2447,11.848669,7.997
2448,11.851822,3.153
2449,11.858819,6.997
2450,11.865265,6.446
2451,11.868695,3.43
2452,11.874653,5.958
2453,11.878309,3.656
2454,11.885057,6.748
2455,11.888169,3.112
2456,11.892042,3.873
2457,11.896564,4.522
2458,11.899763,3.199
2459,11.903743,3.98
2460,11.911451,7.708
2461,11.915938,4.487
2462,11.919185,3.247
2463,11.923193,4.008
2464,11.930478,7.285
2465,11.93364,3.162
2466,11.938071,4.431
2467,11.942573,4.502
2468,11.948907,6.334
2469,11.951724,2.817
2470,11.955331,3.607
2471,11.965533,10.202
2472,11.969889,4.356
2473,11.973895,4.006
2474,11.980628,6.733
2475,11.985984,5.356
2476,11.989005,3.021
2477,11.994979,5.974
2478,11.999623,4.644
2479,12.002598,2.975
2480,12.006577,3.979
2481,12.013868,7.291
2482,12.017805,3.937
2483,12.020932,3.127
2484,12.030121,9.189
2485,12.034348,4.227
2486,12.03774,3.392
2487,12.04215,4.41
2488,12.04801,5.86
2489,12.052608,4.598
2490,12.05551,2.902
2491,12.064153,8.643
2492,12.070352,6.199
2493,12.073646,3.294
2494,12.080439,6.793
2495,12.084203,3.764
2496,12.087028,2.825
2497,12.094757,7.729
2498,12.098283,3.526
2499,12.102728,4.445
2500,12.106889,4.161
2501,12.114124,7.235
2502,12.118552,4.428
2503,12.121579,3.027
2504,12.130292,8.713
2505,12.134577,4.285
2506,12.137507,2.93
2507,12.141548,4.041
2508,12.148944,7.396
2509,12.152737,3.793
2510,12.155951,3.214
2511,12.164661,8.71
2512,12.170778,6.117
2513,12.175607,4.829
2514,12.181514,5.907
2515,12.185849,4.335
2516,12.189084,3.235
2517,12.193847,4.763
2518,12.202189,8.342
2519,12.206057,3.868
2520,12.212639,6.582
2521,12.218975,6.336
2522,12.224016,5.041
2523,12.227667,3.651
2524,12.232623,4.956
2525,12.235761,3.138
2526,12.243544,7.783
2527,12.24718,3.636
2528,12.250734,3.554
2529,12.254994,4.26
2530,12.260242,5.248
2531,12.265397,5.155
2532,12.270994,5.597
2533,12.275867,4.873
2534,12.280932,5.065
2535,12.284718,3.786
2536,12.288465,3.747
2537,12.293866,5.401
2538,12.299362,5.496
2539,12.303031,3.669
2540,12.31335,10.319
2541,12.318629,5.279
2542,12.322338,3.709
2543,12.327501,5.163
2544,12.331125,3.624
2545,12.3361,4.975
2546,12.34018,4.08
2547,12.344654,4.474
2548,12.347869,3.215
2549,12.351779,3.91
2550,12.358928,7.149
2551,12.362796,3.868
2552,12.366564,3.768
2553,12.373006,6.442
2554,12.37626,3.254
2555,12.37946,3.2
2556,12.383395,3.935
2557,12.391801,8.406
2558,12.394983,3.182
2559,12.398555,3.572
2560,12.403202,4.647
2561,12.407078,3.876
2562,12.416894,9.816
2563,12.423296,6.402
2564,12.426648,3.352
2565,12.430412,3.764
2566,12.434283,3.871
2567,12.438999,4.716
2568,12.44682,7.821
2569,12.449662,2.842
2570,12.454068,4.406
2571,12.461493,7.425
2572,12.46732,5.827
2573,12.472116,4.796
2574,12.475644,3.528
2575,12.480801,5.157
2576,12.484687,3.886
2577,12.489376,4.689
2578,12.496137,6.761
2579,12.49977,3.633
2580,12.505144,5.374
2581,12.512565,7.421
2582,12.516283,3.718
2583,12.522875,6.592
2584,12.526726,3.851
2585,12.530252,3.526
2586,12.533982,3.73
2587,12.538624,4.642
2588,12.546685,8.061
2589,12.549529,2.844
2590,12.553993,4.464
2591,12.55762,3.627
2592,12.564234,6.614
2593,12.56823,3.996
2594,12.571287,3.057
2595,12.580087,8.8
2596,12.583373,3.286
2597,12.587852,4.479
2598,12.59699,9.138
2599,12.600715,3.725
2600,12.605473,4.758
2601,12.610355,4.882
2602,12.615637,5.282
2603,12.619057,3.42
2604,12.628611,9.554
2605,12.632285,3.674
2606,12.636237,3.952
2607,12.641267,5.03
2608,12.644319,3.052
2609,12.647934,3.615
2610,12.652487,4.553
2611,12.658105,5.618
2612,12.663578,5.473
2613,12.668225,4.647
2614,12.67275,4.525
2615,12.676621,3.871
2616,12.680672,4.051
2617,12.685728,5.056
2618,12.692876,7.148
2619,12.696155,3.279
2620,12.700777,4.622
2621,12.705706,4.929
2622,12.71071,5.004
2623,12.714446,3.736
2624,12.718972,4.526
2625,12.722283,3.311
2626,12.72999,7.707
2627,12.734695,4.705
2628,12.737424,2.729
2629,12.746139,8.715
2630,12.751422,5.283
2631,12.756846,5.424
2632,12.760785,3.939
2633,12.765244,4.459
2634,12.76948,4.236
2635,12.777438,7.958
2636,12.78038,2.942
2637,12.783974,3.594
2638,12.789384,5.41
2639,12.795828,6.444
2640,12.799671,3.843
2641,12.804028,4.357
2642,12.81179,7.762
2643,12.815537,3.747
2644,12.819389,3.852
2645,12.824393,5.004
2646,12.829959,5.566
2647,12.835821,5.862
2648,12.839456,3.635
2649,12.846239,6.783
2650,12.851549,5.31
2651,12.855717,4.168
2652,12.863112,7.395
2653,12.866009,2.897
2654,12.869947,3.938
2655,12.875024,5.077
2656,12.880895,5.871
2657,12.884684,3.789
2658,12.888315,3.631
2659,12.896489,8.174
2660,12.899171,2.682
2661,12.902739,3.568
2662,12.912632,9.893
2663,12.916005,3.373
2664,12.920493,4.488
2665,12.924122,3.629
2666,12.927899,3.777
2667,12.93359,5.691
2668,12.937269,3.679
2669,12.947111,9.842
2670,12.952654,5.543
2671,12.958071,5.417
2672,12.964327,6.256
2673,12.967823,3.496
2674,12.971525,3.702
2675,12.975484,3.959
2676,12.979979,4.495
2677,12.98555,5.571
2678,12.990361,4.811
2679,12.994952,4.591
2680,12.998206,3.254
2681,13.004063,5.857
2682,13.00864,4.577
2683,13.011705,3.065
2684,13.016182,4.477
2685,13.020087,3.905
2686,13.027342,7.255
2687,13.030211,2.869
2688,13.033689,3.478
2689,13.038322,4.633
2690,13.045489,7.167
2691,13.049127,3.638
2692,13.052999,3.872
2693,13.06277,9.771
2694,13.06588,3.11
2695,13.069933,4.053
2696,13.07411,4.177
2697,13.077371,3.261
2698,13.083403,6.032
2699,13.087267,3.864
2700,13.097885,10.618
2701,13.102484,4.599
2702,13.106547,4.063
2703,13.111167,4.62
2704,13.114257,3.09
2705,13.120154,5.897
2706,13.125707,5.553
2707,13.129573,3.866
2708,13.13356,3.987
2709,13.138612,5.052
2710,13.144573,5.961
2711,13.147703,3.13
2712,13.151523,3.82
2713,13.162272,10.749
2714,13.165267,2.995
2715,13.168829,3.562
2716,13.173871,5.042
2717,13.178472,4.601
2718,13.181717,3.245
2719,13.185522,3.805
2720,13.195104,9.582
2721,13.199939,4.835
2722,13.203888,3.949
2723,13.210262,6.374
2724,13.213002,2.74
2725,13.21645,3.448
2726,13.222804,6.354
2727,13.229777,6.973
2728,13.23273,2.953
2729,13.236764,4.034
2730,13.243972,7.208
2731,13.248158,4.186
2732,13.252095,3.937
2733,13.25685,4.755
2734,13.261935,5.085
2735,13.264565,2.63
2736,13.270302,5.737
2737,13.276553,6.251
2738,13.282061,5.508
2739,13.28568,3.619
2740,13.288828,3.148
2741,13.293703,4.875
2742,13.296678,2.975
2743,13.300562,3.884
2744,13.308987,8.425
2745,13.311793,2.806
2746,13.315421,3.628
2747,13.319168,3.747
2748,13.327412,8.244
2749,13.330819,3.407
2750,13.335643,4.824
2751,13.341764,6.121
2752,13.345694,3.93
2753,13.349558,3.864
2754,13.35339,3.832
2755,13.363259,9.869
2756,13.366396,3.137
2757,13.371177,4.781
2758,13.377015,5.838
2759,13.380027,3.012
2760,13.383824,3.797
2761,13.389011,5.187
2762,13.393596,4.585
2763,13.396705,3.109
2764,13.400183,3.478
2765,13.410175,9.992
2766,13.413123,2.948
2767,13.417154,4.031
2768,13.421138,3.984
2769,13.428156,7.018
2770,13.432777,4.621
2771,13.436634,3.857
2772,13.443377,6.743
2773,13.446626,3.249
2774,13.450368,3.742
2775,13.45425,3.882
2776,13.463158,8.908
2777,13.466274,3.116
2778,13.470467,4.193
2779,13.475667,5.2
2780,13.478664,2.997
2781,13.484093,5.429
2782,13.489609,5.516
2783,13.494228,4.619
2784,13.497863,3.635
2785,13.501357,3.494
2786,13.510083,8.726
2787,13.512971,2.888
2788,13.516999,4.028
2789,13.520903,3.904
2790,13.528583,7.68
2791,13.531834,3.251
2792,13.537593,5.759
2793,13.542379,4.786
2794,13.546324,3.945
2795,13.54978,3.456
2796,13.553551,3.771
2797,13.560497,6.946
2798,13.566387,5.89
2799,13.570447,4.06
2800,13.574997,4.55
2801,13.579809,4.812
2802,13.583965,4.156
2803,13.587912,3.947
2804,13.592705,4.793
2805,13.595703,2.998
2806,13.600264,4.561
2807,13.607292,7.028
2808,13.610568,3.276
2809,13.614596,4.028
2810,13.620451,5.855
2811,13.624969,4.518
2812,13.62957,4.601
2813,13.633742,4.172
2814,13.640856,7.114
2815,13.645103,4.247
2816,13.649214,4.111
2817,13.653147,3.933
2818,13.658034,4.887
2819,13.662325,4.291
2820,13.66631,3.985
2821,13.670836,4.526
2822,13.67783,6.994
2823,13.681759,3.929
2824,13.685595,3.836
2825,13.694046,8.451
2826,13.696825,2.779
2827,13.700664,3.839
2828,13.705665,5.001
2829,13.708943,3.278
2830,13.714457,5.514
2831,13.7183,3.843
2832,13.727831,9.531
2833,13.730968,3.137
2834,13.734878,3.91
2835,13.740402,5.524
2836,13.74646,6.058
2837,13.750456,3.996
2838,13.755511,5.055
2839,13.761156,5.645
2840,13.764434,3.278
2841,13.768406,3.972
2842,13.776799,8.393
2843,13.779922,3.123
2844,13.783901,3.979
2845,13.787831,3.93
2846,13.795553,7.722
2847,13.798598,3.045
2848,13.802357,3.759
2849,13.810502,8.145
2850,13.813538,3.036
2851,13.817538,4.0
2852,13.821743,4.205
2853,13.826151,4.408
2854,13.831672,5.521
2855,13.835353,3.681
2856,13.845241,9.888
2857,13.849514,4.273
2858,13.852091,2.577
2859,13.855579,3.488
2860,13.860632,5.053
2861,13.863604,2.972
2862,13.867472,3.868
2863,13.877428,9.956
2864,13.880533,3.105
2865,13.884581,4.048
2866,13.890575,5.994
2867,13.894919,4.344
2868,13.897931,3.012
2869,13.901948,4.017
2870,13.90714,5.192
2871,13.912707,5.567
2872,13.916486,3.779
2873,13.920524,4.038
2874,13.925457,4.933
2875,13.928755,3.298
2876,13.93658,7.825
2877,13.943231,6.651
2878,13.946009,2.778
2879,13.950148,4.139
2880,13.954305,4.157
2881,13.959987,5.682
2882,13.963784,3.797
2883,13.96719,3.406
2884,13.971986,4.796
2885,13.976754,4.768
2886,13.98099,4.236
2887,13.985532,4.542
2888,13.989791,4.259
2889,13.993029,3.238
2890,13.997144,4.115
2891,14.001879,4.735
2892,14.007137,5.258
2893,14.011069,3.932
2894,14.015065,3.996
2895,14.019621,4.556
2896,14.025193,5.572
2897,14.028472,3.279
2898,14.032477,4.005
2899,14.036993,4.516
2900,14.043809,6.816
2901,14.046951,3.142
2902,14.052056,5.105
2903,14.058693,6.637
2904,14.06215,3.457
2905,14.066046,3.896
2906,14.071215,5.169
2907,14.075539,4.324
2908,14.079174,3.635
2909,14.082934,3.76
2910,14.090135,7.201
2911,14.095414,5.279
2912,14.099355,3.941
2913,14.104173,4.818
2914,14.107343,3.17
2915,14.114115,6.772
2916,14.117699,3.584
2917,14.127581,9.882
2918,14.130535,2.954
2919,14.136307,5.772
2920,14.140401,4.094
2921,14.145454,5.053
2922,14.149784,4.33
2923,14.153768,3.984
2924,14.158882,5.114
2925,14.163116,4.234
2926,14.167321,4.205
2927,14.171261,3.94
2928,14.175913,4.652
2929,14.183274,7.361
2930,14.187236,3.962
2931,14.192064,4.828
2932,14.195156,3.092
2933,14.199181,4.025
2934,14.2052,6.019
2935,14.209975,4.775
2936,14.214937,4.962
2937,14.219327,4.39
2938,14.222703,3.376
2939,14.227437,4.734
2940,14.230639,3.202
2941,14.234552,3.913
2942,14.241955,7.403
2943,14.244837,2.882
2944,14.248928,4.091
2945,14.254549,5.621
2946,14.259977,5.428
2947,14.266558,6.581
2948,14.27024,3.682
2949,14.275157,4.917
2950,14.278167,3.01
2951,14.282011,3.844
2952,14.28977,7.759
2953,14.294451,4.681
2954,14.297862,3.411
2955,14.302257,4.395
2956,14.305789,3.532
2957,14.312453,6.664
2958,14.31574,3.287
2959,14.3196,3.86
2960,14.327769,8.169
2961,14.330644,2.875
2962,14.33467,4.026
2963,14.338708,4.038
2964,14.343397,4.689
2965,14.350679,7.282
2966,14.356745,6.066
2967,14.362714,5.969
2968,14.36675,4.036
2969,14.369475,2.725
2970,14.37398,4.505
2971,14.379121,5.141
2972,14.382426,3.305
2973,14.39225,9.824
2974,14.397049,4.799
2975,14.400298,3.249
2976,14.406147,5.849
2977,14.410541,4.394
2978,14.414947,4.406
2979,14.418112,3.165
2980,14.426784,8.672
2981,14.431876,5.092
2982,14.435934,4.058
2983,14.440913,4.979
2984,14.445256,4.343
2985,14.451792,6.536
2986,14.455013,3.221
2987,14.461305,6.292
2988,14.466077,4.772
2989,14.46946,3.383
2990,14.473724,4.264
2991,14.478951,5.227
2992,14.482814,3.863
2993,14.485667,2.853
2994,14.492846,7.179
2995,14.496854,4.008
2996,14.502037,5.183
2997,14.505868,3.831
2998,14.51208,6.212
2999,14.516753,4.673
3000,14.51992,3.167
3001,14.524625,4.705
3002,14.531608,6.983
3003,14.535161,3.553
3004,14.538545,3.384
3005,14.542893,4.348
3006,14.549842,6.949
3007,14.55293,3.088
3008,14.561789,8.859
3009,14.5671,5.311
3010,14.572318,5.218
3011,14.576261,3.943
3012,14.58056,4.299
3013,14.585012,4.452
3014,14.588509,3.497
3015,14.592671,4.162
3016,14.599655,6.984
3017,14.602833,3.178
3018,14.608422,5.589
3019,14.612362,3.94
3020,14.617285,4.923
3021,14.621227,3.942
3022,14.625252,4.025
3023,14.630256,5.004
3024,14.633645,3.389
3025,14.639067,5.422
3026,14.642512,3.445
3027,14.649304,6.792
3028,14.652497,3.193
3029,14.658593,6.096
3030,14.663347,4.754
3031,14.666678,3.331
3032,14.676174,9.496
3033,14.67958,3.406
3034,14.684616,5.036
3035,14.687763,3.147
3036,14.692624,4.861
3037,14.697469,4.845
3038,14.700552,3.083
3039,14.706361,5.809
3040,14.712978,6.617
3041,14.717685,4.707
3042,14.721095,3.41
3043,14.725114,4.019
3044,14.73223,7.116
3045,14.735294,3.064
3046,14.743847,8.553
3047,14.75053,6.683
3048,14.753665,3.135
3049,14.757772,4.107
3050,14.765106,7.334
3051,14.769819,4.713
3052,14.773617,3.798
3053,14.779311,5.694
3054,14.784333,5.022
3055,14.787593,3.26
3056,14.793371,5.778
3057,14.798622,5.251
3058,14.801846,3.224
3059,14.805502,3.656
3060,14.809613,4.111
3061,14.814413,4.8
3062,14.817464,3.051
3063,14.823936,6.472
3064,14.828719,4.783
3065,14.833802,5.083
3066,14.839071,5.269
3067,14.845052,5.981
3068,14.848368,3.316
3069,14.852211,3.843
3070,14.858413,6.202
3071,14.8631,4.687
3072,14.866658,3.558
3073,14.871003,4.345
3074,14.877621,6.618
3075,14.881298,3.677
3076,14.886467,5.169
3077,14.893664,7.197
3078,14.897299,3.635
3079,14.90456,7.261
3080,14.908724,4.164
3081,14.91286,4.136
3082,14.918005,5.145
3083,14.926748,8.743
3084,14.935439,8.691
3085,14.939425,3.986
3086,14.943667,4.242
3087,14.950312,6.645
3088,14.955677,5.365
3089,14.96131,5.633
3090,14.973423,12.113
3091,14.978176,4.753
3092,14.981622,3.446
3093,14.986019,4.397
3094,14.989503,3.484
3095,14.993528,4.025
3096,15.000164,6.636
3097,15.003196,3.032
3098,15.007357,4.161
3099,15.01219,4.833
3100,15.015492,3.302
3101,15.021646,6.154
3102,15.026348,4.702
3103,15.029347,2.999
3104,15.03355,4.203
3105,15.038967,5.417
3106,15.045345,6.378
3107,15.050657,5.312
3108,15.056771,6.114
3109,15.065191,8.42
3110,15.070572,5.381
3111,15.075614,5.042
3112,15.081702,6.088
3113,15.086103,4.401
3114,15.091169,5.066
3115,15.097033,5.864
3116,15.101846,4.813
3117,15.105747,3.901
3118,15.110545,4.798
3119,15.113975,3.43
3120,15.120169,6.194
3121,15.129743,9.574
3122,15.135415,5.672
3123,15.139299,3.884
3124,15.145665,6.366
3125,15.15228,6.615
3126,15.159994,7.714
3127,15.166885,6.891
3128,15.170813,3.928
3129,15.174924,4.111
3130,15.179758,4.834
3131,15.182954,3.196
3132,15.186996,4.042
3133,15.191896,4.9
3134,15.19524,3.344
3135,15.200517,5.277
3136,15.204408,3.891
3137,15.209058,4.65
3138,15.212396,3.338
3139,15.216208,3.812
3140,15.223306,7.098
3141,15.227043,3.737
3142,15.230451,3.408
3143,15.235218,4.767
3144,15.238412,3.194
3145,15.246536,8.124
3146,15.250369,3.833
3147,15.2596,9.231
3148,15.262731,3.131
3149,15.266041,3.31
3150,15.271161,5.12
3151,15.274691,3.53
3152,15.277695,3.004
3153,15.281651,3.956
3154,15.289169,7.518
3155,15.293819,4.65
3156,15.297537,3.718
3157,15.302123,4.586
3158,15.306965,4.842
3159,15.310693,3.728
3160,15.314648,3.955
3161,15.318977,4.329
3162,15.326256,7.279
3163,15.330008,3.752
3164,15.334678,4.67
3165,15.337677,2.999
3166,15.345016,7.339
3167,15.350524,5.508
3168,15.357454,6.93
3169,15.361367,3.913
3170,15.364836,3.469
3171,15.36953,4.694
3172,15.372734,3.204
3173,15.376466,3.732
3174,15.381977,5.511
3175,15.385824,3.847
3176,15.391514,5.69
3177,15.395464,3.95
3178,15.399132,3.668
3179,15.403542,4.41
3180,15.410462,6.92
3181,15.414175,3.713
3182,15.418761,4.586
3183,15.42306,4.299
3184,15.428964,5.904
3185,15.434716,5.752
3186,15.43926,4.544
3187,15.444151,4.891
3188,15.447904,3.753
3189,15.451883,3.979
3190,15.458206,6.323
3191,15.462385,4.179
3192,15.465851,3.466
3193,15.470461,4.61
3194,15.474531,4.07
3195,15.477804,3.273
3196,15.481608,3.804
3197,15.493138,11.53
3198,15.496637,3.499
3199,15.500194,3.557
3200,15.503994,3.8
3201,15.509507,5.513
3202,15.516303,6.796
3203,15.526104,9.801
3204,15.530301,4.197
3205,15.534225,3.924
3206,15.538642,4.417
3207,15.544207,5.565
3208,15.55031,6.103
3209,15.556848,6.538
3210,15.562614,5.766
3211,15.567885,5.271
3212,15.571453,3.568
3213,15.575317,3.864
3214,15.579486,4.169
3215,15.585486,6.0
3216,15.589787,4.301
3217,15.593589,3.802
3218,15.598375,4.786
3219,15.603144,4.769
3220,15.60705,3.906
3221,15.610662,3.612
3222,15.615376,4.714
3223,15.618534,3.158
3224,15.624298,5.764
3225,15.630923,6.625
3226,15.633938,3.015
3227,15.639258,5.32
3228,15.643025,3.767
3229,15.647735,4.71
3230,15.650794,3.059
3231,15.657634,6.84
3232,15.661667,4.033
3233,15.664999,3.332
3234,15.671274,6.275
3235,15.675661,4.387
3236,15.680794,5.133
3237,15.685349,4.555
3238,15.689142,3.793
3239,15.693951,4.809
3240,15.696886,2.935
3241,15.700796,3.91
3242,15.70814,7.344
3243,15.712585,4.445
3244,15.715827,3.242
3245,15.719631,3.804
3246,15.730096,10.465
3247,15.734925,4.829
3248,15.73883,3.905
3249,15.742712,3.882
3250,15.747271,4.559
3251,15.75048,3.209
3252,15.754377,3.897
3253,15.762011,7.634
3254,15.765186,3.175
3255,15.769602,4.416
3256,15.775403,5.801
3257,15.779385,3.982
3258,15.782535,3.15
3259,15.786384,3.849
3260,15.792962,6.578
3261,15.79636,3.398
3262,15.799559,3.199
3263,15.806576,7.017
3264,15.813517,6.941
3265,15.818196,4.679
3266,15.821971,3.775
3267,15.828325,6.354
3268,15.831348,3.023
3269,15.835097,3.749
3270,15.840817,5.72
3271,15.84768,6.863
3272,15.850929,3.249
3273,15.854725,3.796
3274,15.859607,4.882
3275,15.862705,3.098
3276,15.86831,5.605
3277,15.872427,4.117
3278,15.877157,4.73
3279,15.880735,3.578
3280,15.885336,4.601
3281,15.888735,3.399
3282,15.893383,4.648
3283,15.896653,3.27
3284,15.900679,4.026
3285,15.909081,8.402
3286,15.912129,3.048
3287,15.917658,5.529
3288,15.923375,5.717
3289,15.927307,3.932
3290,15.930528,3.221
3291,15.934301,3.773
3292,15.943741,9.44
3293,15.946839,3.098
3294,15.950186,3.347
3295,15.953986,3.8
3296,15.962445,8.459
3297,15.966294,3.849
3298,15.969689,3.395
3299,15.976651,6.962
3300,15.983894,7.243
3301,15.987804,3.91
3302,15.991733,3.929
3303,15.996359,4.626
3304,15.999629,3.27
3305,16.013093,13.464
3306,16.019257,6.164
3307,16.02232,3.063
3308,16.02623,3.91
3309,16.0313,5.07
3310,16.035855,4.555
3311,16.039031,3.176
3312,16.042487,3.456
3313,16.047251,4.764
3314,16.054147,6.896
3315,16.057451,3.304
3316,16.062464,5.013
3317,16.067383,4.919
3318,16.071821,4.438
3319,16.075536,3.715
3320,16.080383,4.847
3321,16.084043,3.66
3322,16.09234,8.297
3323,16.095845,3.505
3324,16.100571,4.726
3325,16.103719,3.148
3326,16.11033,6.611
3327,16.11686,6.53
3328,16.120357,3.497
3329,16.126396,6.039
3330,16.130091,3.695
3331,16.134976,4.885
3332,16.137934,2.958
3333,16.14207,4.136
3334,16.148139,6.069
3335,16.151026,2.887
3336,16.161185,10.159
3337,16.165139,3.954
3338,16.169586,4.447
3339,16.172851,3.265
3340,16.176606,3.755
3341,16.183042,6.436
3342,16.186027,2.985
3343,16.190083,4.056
3344,16.193557,3.474
3345,16.200049,6.492
3346,16.204804,4.755
3347,16.210055,5.251
3348,16.215025,4.97
3349,16.21966,4.635
3350,16.224136,4.476
3351,16.228151,4.015
3352,16.232733,4.582
3353,16.236181,3.448
3354,16.242287,6.106
3355,16.246146,3.859
3356,16.249208,3.062
3357,16.259204,9.996
3358,16.263618,4.414
3359,16.268129,4.511
3360,16.272935,4.806
3361,16.280813,7.878
3362,16.284939,4.126
3363,16.290283,5.344
3364,16.294066,3.783
3365,16.300348,6.282
3366,16.304756,4.408
3367,16.309356,4.6
3368,16.313677,4.321
3369,16.320402,6.725
3370,16.325964,5.562
3371,16.329487,3.523
3372,16.334333,4.846
3373,16.337518,3.185
3374,16.341732,4.214
3375,16.346498,4.766
3376,16.352051,5.553
3377,16.35728,5.229
3378,16.360505,3.225
3379,16.36524,4.735
3380,16.368125,2.885
3381,16.374362,6.237
3382,16.378112,3.75
3383,16.381215,3.103
3384,16.391108,9.893
3385,16.397439,6.331
3386,16.400526,3.087
3387,16.40645,5.924
3388,16.410669,4.219
3389,16.415428,4.759
3390,16.418329,2.901
3391,16.426415,8.086
3392,16.431002,4.587
3393,16.433968,2.966
3394,16.438247,4.279
3395,16.442918,4.671
3396,16.448021,5.103
3397,16.452575,4.554
3398,16.457526,4.951
3399,16.463031,5.505
3400,16.467915,4.884
3401,16.47123,3.315
3402,16.476226,4.996
3403,16.479038,2.812
3404,16.482965,3.927
3405,16.490693,7.728
3406,16.495315,4.622
3407,16.500193,4.878
3408,16.50632,6.127
3409,16.510289,3.969
3410,16.513534,3.245
3411,16.517278,3.744
3412,16.525963,8.685
3413,16.529168,3.205
3414,16.532935,3.767
3415,16.536672,3.737
3416,16.545213,8.541
3417,16.548163,2.95
3418,16.551874,3.711
3419,16.559333,7.459
3420,16.564096,4.763
3421,16.567964,3.868
3422,16.571689,3.725
3423,16.57653,4.841
3424,16.580305,3.775
3425,16.593698,13.393
3426,16.598949,5.251
3427,16.602384,3.435
3428,16.606614,4.23
3429,16.61109,4.476
3430,16.61446,3.37
3431,16.618244,3.784
3432,16.624177,5.933
3433,16.628598,4.421
3434,16.632318,3.72
3435,16.640282,7.964
3436,16.649044,8.762
3437,16.652827,3.783
3438,16.65714,4.313
3439,16.6614,4.26
3440,16.664412,3.012
3441,16.668289,3.877
3442,16.675641,7.352
3443,16.680424,4.783
3444,16.683638,3.214
3445,16.691836,8.198
3446,16.696228,4.392
3447,16.701424,5.196
3448,16.705336,3.912
3449,16.711812,6.476
3450,16.715996,4.184
3451,16.719464,3.468
3452,16.724424,4.96
3453,16.731305,6.881
3454,16.734553,3.248
3455,16.73824,3.687
3456,16.744862,6.622
3457,16.748569,3.707
3458,16.752961,4.392
3459,16.758519,5.558
3460,16.761422,2.903
3461,16.767062,5.64
3462,16.770849,3.787
3463,16.775295,4.446
3464,16.778434,3.139
3465,16.78242,3.986
3466,16.789612,7.192
3467,16.794549,4.937
3468,16.798811,4.262
3469,16.802927,4.116
3470,16.808727,5.8
3471,16.811743,3.016
3472,16.815612,3.869
3473,16.824981,9.369
3474,16.827948,2.967
3475,16.832108,4.16
3476,16.836019,3.911
3477,16.844336,8.317
3478,16.847318,2.982
3479,16.851377,4.059
3480,16.859414,8.037
3481,16.86266,3.246
3482,16.865895,3.235
3483,16.875002,9.107
3484,16.877659,2.657
3485,16.883261,5.602
3486,16.888828,5.567
3487,16.893398,4.57
3488,16.896543,3.145
3489,16.899738,3.195
3490,16.9093020000001,9.564
3491,16.911893,2.591
3492,16.915701,3.808
3493,16.919621,3.92
3494,16.925417,5.796
3495,16.930228,4.811
3496,16.936414,6.186
3497,16.940807,4.393
3498,16.9454010000001,4.594
3499,16.9487,3.299
3500,16.952438,3.738
3501,16.959474,7.036
3502,16.965148,5.674
3503,16.969179,4.031
3504,16.973851,4.672
3505,16.978413,4.562
3506,16.983062,4.649
3507,16.988819,5.757
3508,16.992962,4.143
3509,16.99614,3.178
3510,16.999873,3.733
3511,17.006883,7.01
3512,17.009668,2.785
3513,17.013608,3.94
3514,17.017424,3.816
3515,17.025147,7.723
3516,17.030132,4.985
3517,17.036145,6.013
3518,17.042301,6.156
3519,17.04542,3.119
3520,17.049361,3.941
3521,17.053554,4.193
3522,17.060014,6.46
3523,17.063875,3.861
3524,17.068764,4.889
3525,17.075223,6.459
3526,17.078287,3.064
3527,17.084089,5.802
3528,17.087892,3.803
3529,17.095044,7.152
3530,17.098301,3.257
3531,17.103805,5.504
3532,17.10826,4.455
3533,17.111524,3.264
3534,17.116425,4.901
3535,17.120271,3.846
3536,17.126917,6.646
3537,17.13012,3.203
3538,17.133902,3.782
3539,17.138814,4.912
3540,17.1431830000001,4.369
3541,17.1461740000001,2.991
3542,17.1525650000001,6.391
3543,17.1569380000001,4.373
3544,17.1601150000001,3.177
3545,17.1663900000001,6.275
3546,17.1720260000001,5.636
3547,17.1760360000001,4.01
3548,17.1799610000001,3.925
3549,17.1838430000001,3.882
3550,17.1902870000001,6.444
3551,17.1933680000001,3.081
3552,17.1973270000001,3.959
3553,17.2068830000001,9.556
3554,17.2102250000001,3.342
3555,17.213759,3.534
3556,17.2195110000001,5.752
3557,17.225071,5.56
3558,17.228122,3.051
3559,17.231896,3.774
3560,17.2411,9.204
3561,17.244083,2.983
3562,17.2477790000001,3.696
3563,17.2522260000001,4.447
3564,17.2570450000001,4.819
3565,17.2616280000001,4.583
3566,17.2657470000001,4.119
3567,17.2742160000001,8.469
3568,17.2772420000001,3.026
3569,17.2810550000001,3.813
3570,17.2848920000001,3.837
3571,17.2897570000001,4.865
3572,17.2954670000001,5.71
3573,17.2994460000001,3.979
3574,17.3083210000001,8.875
3575,17.3113130000001,2.992
3576,17.3173130000001,6.0
3577,17.3218270000001,4.514
3578,17.3271230000001,5.296
3579,17.3309620000001,3.839
3580,17.3363320000001,5.37
3581,17.3411270000001,4.795
3582,17.3446550000001,3.528
3583,17.3479760000001,3.321
3584,17.3517960000001,3.82
3585,17.3581870000001,6.391
3586,17.3612510000001,3.064
3587,17.3672910000001,6.04
3588,17.3716970000001,4.406
3589,17.3755830000001,3.886
3590,17.3814280000001,5.845
3591,17.3857330000001,4.305
3592,17.3898340000001,4.101
3593,17.392975,3.141
3594,17.397077,4.102
3595,17.403981,6.904
3596,17.408941,4.96
3597,17.414236,5.295
3598,17.418021,3.785
3599,17.4240220000001,6.001
3600,17.4275550000001,3.533
3601,17.4309620000001,3.407
3602,17.435668,4.706
3603,17.441079,5.411
3604,17.444496,3.417
3605,17.450627,6.131
3606,17.459841,9.214
3607,17.463136,3.295
3608,17.467626,4.49
3609,17.47369,6.064
3610,17.477544,3.854
3611,17.482528,4.984
3612,17.486764,4.236
3613,17.491242,4.478
3614,17.494991,3.749
3615,17.498381,3.39
3616,17.505555,7.174
3617,17.509262,3.707
3618,17.513845,4.583
3619,17.519691,5.846
3620,17.52426,4.569
3621,17.527303,3.043
3622,17.531831,4.528
3623,17.539369,7.538
3624,17.542603,3.234
3625,17.548232,5.629
3626,17.559279,11.047
3627,17.565726,6.447
3628,17.569619,3.893
3629,17.573516,3.897
3630,17.577627,4.111
3631,17.581449,3.822
3632,17.586939,5.49
3633,17.591567,4.628
3634,17.59721,5.643
3635,17.600471,3.261
3636,17.60417,3.699
3637,17.610954,6.784
3638,17.614776,3.822
3639,17.618342,3.566
3640,17.627104,8.762
3641,17.630902,3.798
3642,17.63589,4.988
3643,17.639735,3.845
3644,17.64427,4.535
3645,17.647895,3.625
3646,17.654222,6.327
3647,17.661056,6.834
3648,17.665872,4.816
3649,17.670451,4.579
3650,17.675669,5.218
3651,17.679867,4.198
3652,17.685197,5.33
3653,17.689354,4.157
3654,17.693927,4.573
3655,17.698793,4.866
3656,17.703131,4.338
3657,17.710751,7.62
3658,17.716028,5.277
3659,17.719382,3.354
3660,17.725106,5.724
3661,17.729494,4.388
3662,17.733124,3.63
3663,17.738376,5.252
3664,17.743983,5.607
3665,17.7501,6.117
3666,17.75775,7.65
3667,17.762671,4.921
3668,17.767727,5.056
3669,17.771431,3.704
3670,17.77629,4.859
3671,17.779997,3.707
3672,17.785068,5.071
3673,17.791768,6.7
3674,17.800957,9.189
3675,17.804148,3.191
3676,17.807515,3.367
3677,17.811678,4.163
3678,17.815036,3.358
3679,17.820147,5.111
3680,17.825844,5.697
3681,17.828888,3.044
3682,17.83444,5.552
3683,17.838969,4.529
3684,17.844783,5.814
3685,17.853128,8.345
3686,17.857468,4.34
3687,17.860924,3.456
3688,17.864146,3.222
3689,17.867735,3.589
3690,17.87171,3.975
3691,17.876191,4.481
3692,17.87929,3.099
3693,17.88671,7.42
3694,17.890919,4.209
3695,17.8939,2.981
3696,17.899666,5.766
3697,17.905171,5.505
3698,17.90914,3.969
3699,17.912487,3.347
3700,17.915935,3.448
3701,17.924582,8.647
3702,17.927416,2.834
3703,17.931157,3.741
3704,17.934615,3.458
3705,17.943357,8.742
3706,17.94635,2.993
3707,17.95016,3.81
3708,17.957423,7.263
3709,17.960589,3.166
3710,17.964392,3.803
3711,17.968373,3.981
3712,17.974863,6.49
3713,17.977454,2.591
3714,17.981238,3.784
3715,17.989069,7.831
3716,17.993654,4.585
3717,17.997428,3.774
3718,18.001141,3.713
3719,18.007999,6.858
3720,18.011038,3.039
3721,18.014955,3.917
3722,18.023229,8.274
3723,18.026274,3.045
3724,18.030156,3.882
3725,18.035951,5.795
3726,18.041681,5.73
3727,18.04666,4.979
3728,18.050411,3.751
3729,18.057975,7.564
3730,18.060774,2.799
3731,18.064498,3.724
3732,18.068461,3.963
3733,18.074889,6.428
3734,18.077701,2.812
3735,18.081172,3.471
3736,18.089886,8.714
3737,18.092593,2.707
3738,18.097925,5.332
3739,18.10162,3.695
3740,18.108432,6.812
3741,18.111446,3.014
3742,18.115328,3.882
3743,18.121542,6.214
3744,18.126289,4.747
3745,18.132247,5.958
3746,18.135738,3.491
3747,18.142152,6.414
3748,18.145043,2.891
3749,18.148789,3.746
3750,18.155341,6.552
3751,18.163833,8.492
3752,18.168287,4.454
3753,18.173801,5.514
3754,18.178287,4.486
3755,18.181185,2.898
3756,18.188889,7.704
3757,18.193611,4.722
3758,18.196632,3.021
3759,18.200276,3.644
3760,18.208678,8.402
3761,18.21173,3.052
3762,18.215456,3.726
3763,18.220652,5.196
3764,18.227671,7.019
3765,18.232232,4.561
3766,18.236002,3.77
3767,18.242419,6.417
3768,18.245445,3.026
3769,18.249198,3.753
3770,18.255148,5.95
3771,18.262176,7.028
3772,18.267066,4.89
3773,18.271382,4.316
3774,18.275689,4.307
3775,18.279181,3.492
3776,18.282537,3.356
3777,18.289666,7.129
3778,18.293889,4.223
3779,18.29684,2.951
3780,18.300467,3.627
3781,18.308607,8.14
3782,18.311406,2.799
3783,18.314573,3.167
3784,18.323742,9.169
3785,18.330643,6.901
3786,18.333421,2.778
3787,18.337213,3.792
3788,18.343684,6.471
3789,18.346654,2.97
3790,18.35036,3.706
3791,18.359126,8.766
3792,18.362444,3.318
3793,18.366299,3.855
3794,18.372935,6.636
3795,18.37714,4.205
3796,18.382388,5.248
3797,18.38624,3.852
3798,18.390821,4.581
3799,18.394056,3.235
3800,18.397817,3.761
3801,18.40571,7.893
3802,18.41026,4.55
3803,18.413426,3.166
3804,18.417275,3.849
3805,18.424952,7.677
3806,18.427931,2.979
3807,18.431545,3.614
3808,18.435702,4.157
3809,18.439891,4.189
3810,18.445383,5.492
3811,18.449235,3.852
3812,18.453777,4.542
3813,18.461385,7.608
3814,18.467044,5.659
3815,18.471222,4.178
3816,18.47719,5.968
3817,18.480272,3.082
3818,18.48508,4.808
3819,18.489213,4.133
3820,18.492196,2.983
3821,18.496045,3.849
3822,18.505447,9.402
3823,18.510071,4.624
3824,18.513074,3.003
3825,18.516948,3.874
3826,18.523813,6.865
3827,18.526664,2.851
3828,18.530509,3.845
3829,18.534453,3.944
3830,18.539183,4.73
3831,18.544994,5.811
3832,18.54892,3.926
3833,18.558355,9.435
3834,18.56317,4.815
3835,18.567039,3.869
3836,18.573148,6.109
3837,18.577624,4.476
3838,18.580379,2.755
3839,18.588239,7.86
3840,18.593133,4.894
3841,18.596311,3.178
3842,18.601716,5.405
3843,18.605505,3.789
3844,18.610427,4.922
3845,18.61437,3.943
3846,18.619606,5.236
3847,18.624079,4.473
3848,18.62726,3.181
3849,18.632613,5.353
3850,18.6361640000001,3.551
3851,18.640507,4.343
3852,18.64367,3.163
3853,18.647567,3.897
3854,18.655507,7.94
3855,18.6584250000001,2.918
3856,18.6635120000001,5.087
3857,18.669628,6.116
3858,18.6735590000001,3.931
3859,18.6767880000001,3.229
3860,18.6803330000001,3.545
3861,18.6897610000001,9.428
3862,18.6927340000001,2.973
3863,18.6963640000001,3.63
3864,18.6999440000001,3.58
3865,18.7090170000001,9.073
3866,18.7118280000001,2.811
3867,18.7155460000001,3.718
3868,18.7214430000001,5.897
3869,18.7269800000001,5.537
3870,18.7307880000001,3.808
3871,18.7346730000001,3.885
3872,18.7400040000001,5.331
3873,18.7453770000001,5.373
3874,18.7495720000001,4.195
3875,18.7571710000001,7.599
3876,18.7621400000001,4.969
3877,18.7660510000001,3.911
3878,18.7698780000001,3.827
3879,18.7747000000001,4.822
3880,18.7794560000001,4.756
3881,18.7831440000001,3.688
3882,18.7950240000001,11.88
3883,18.7982650000001,3.241
3884,18.8021310000001,3.866
3885,18.8086000000001,6.469
3886,18.8118730000001,3.273
3887,18.8163330000001,4.46
3888,18.8195800000001,3.247
3889,18.8243390000001,4.759
3890,18.8273300000001,2.991
3891,18.8331960000001,5.866
3892,18.8378400000001,4.644
3893,18.8413480000001,3.508
3894,18.8471150000001,5.767
3895,18.8509350000001,3.82
3896,18.8568740000001,5.939
3897,18.8599670000001,3.093
3898,18.8640250000001,4.058
3899,18.8691920000001,5.167
3900,18.8718730000001,2.681
3901,18.8755900000001,3.717
3902,18.8793860000001,3.796
3903,18.8864070000001,7.021
3904,18.8894670000001,3.06
3905,18.8950810000001,5.614
3906,18.8989380000001,3.857
3907,18.9054870000001,6.549
3908,18.9089090000001,3.422
3909,18.9142510000001,5.342
3910,18.9192010000001,4.95
3911,18.9231890000001,3.988
3912,18.9267570000001,3.568
3913,18.9303570000001,3.6
3914,18.9400920000001,9.735
3915,18.9433430000001,3.251
3916,18.9486400000001,5.297
3917,18.9532870000001,4.647
3918,18.9588320000001,5.545
3919,18.9621690000001,3.337
3920,18.9658990000001,3.73
3921,18.9713670000001,5.468
3922,18.9766030000001,5.236
3923,18.9804100000001,3.807
3924,18.9843140000001,3.904
3925,18.9926620000001,8.348
3926,18.9957660000001,3.104
3927,18.9995410000001,3.775
3928,19.0045000000001,4.959
3929,19.0119020000001,7.402
3930,19.0156650000001,3.763
3931,19.0187940000001,3.129
3932,19.0232290000001,4.435
3933,19.0294530000001,6.224
3934,19.0331890000001,3.736
3935,19.0420310000001,8.842
3936,19.0491300000001,7.099
3937,19.0530240000001,3.894
3938,19.0577020000001,4.678
3939,19.0626180000001,4.916
3940,19.0661390000001,3.521
3941,19.0703900000001,4.251
3942,19.0740210000001,3.631
3943,19.0786380000001,4.617
3944,19.0823180000001,3.68
3945,19.0883530000001,6.035
3946,19.0930410000001,4.688
3947,19.0961550000001,3.114
3948,19.0998790000001,3.724
3949,19.1071870000001,7.308
3950,19.1117330000001,4.546
3951,19.1151420000001,3.409
3952,19.1191810000001,4.039
3953,19.1266990000001,7.518
3954,19.1314980000001,4.799
3955,19.1353640000001,3.866
3956,19.1413530000001,5.989
3957,19.1458350000001,4.482
3958,19.1489610000001,3.126
3959,19.1573850000001,8.424
3960,19.1624540000001,5.069
3961,19.1657070000001,3.253
3962,19.1700020000001,4.295
3963,19.1741120000001,4.11
3964,19.1788960000001,4.784
3965,19.1826140000001,3.718
3966,19.1864640000001,3.85
3967,19.1904180000001,3.954
3968,19.1950130000001,4.595
3969,19.1981130000001,3.1
3970,19.2044570000001,6.344
3971,19.2093510000001,4.894
3972,19.2124950000001,3.144
3973,19.2160170000001,3.522
3974,19.2223570000001,6.34
3975,19.2268490000001,4.492
3976,19.2321790000001,5.33
3977,19.2380160000001,5.837
3978,19.2419740000001,3.958
3979,19.2451560000001,3.182
3980,19.2489230000001,3.767
3981,19.2554800000001,6.557
3982,19.2626790000001,7.199
3983,19.2659660000001,3.287
3984,19.2694680000001,3.502
3985,19.2761050000001,6.637
3986,19.2792690000001,3.164
3987,19.2831720000001,3.903
3988,19.2889510000001,5.779
3989,19.2935490000001,4.598
3990,19.2966490000001,3.1
3991,19.3006730000001,4.024
3992,19.3074700000001,6.797
3993,19.3113660000001,3.896
3994,19.3145080000001,3.142
3995,19.3235800000001,9.072
3996,19.3299610000001,6.381
3997,19.3332670000001,3.306
3998,19.3368710000001,3.604
3999,19.3427180000001,5.847
4000,19.3472040000001,4.486
4001,19.3503200000001,3.116
4002,19.3567220000001,6.402
4003,19.3614920000001,4.77
4004,19.3650590000001,3.567
4005,19.3708240000001,5.765
4006,19.3743270000001,3.503
4007,19.3793420000001,5.015
4008,19.3831830000001,3.841
4009,19.3883650000001,5.182
4010,19.3931200000001,4.755
4011,19.3963990000001,3.279
4012,19.4018310000001,5.432
4013,19.4056800000001,3.849
4014,19.4120210000001,6.341
4015,19.4157630000001,3.742
4016,19.4196780000001,3.915
4017,19.4234040000001,3.726
4018,19.4280480000001,4.644
4019,19.4311930000001,3.145
4020,19.4377020000001,6.509
4021,19.4424640000001,4.762
4022,19.4455430000001,3.079
4023,19.4495650000001,4.022
4024,19.4536820000001,4.117
4025,19.4599790000001,6.297
4026,19.4629330000001,2.954
4027,19.4718310000001,8.898
4028,19.4757690000001,3.938
4029,19.4784170000001,2.648
4030,19.4823320000001,3.915
4031,19.4877480000001,5.416
4032,19.4921290000001,4.381
4033,19.4950980000001,2.969
4034,19.4988640000001,3.766
4035,19.509193,10.329
4036,19.513875,4.682
4037,19.517634,3.759
4038,19.523464,5.83
4039,19.527906,4.442
4040,19.530975,3.069
4041,19.536773,5.798
4042,19.543883,7.11
4043,19.547038,3.155
4044,19.550984,3.946
4045,19.555171,4.187
4046,19.562127,6.956
4047,19.565387,3.26
4048,19.572427,7.04
4049,19.577394,4.967
4050,19.580921,3.527
4051,19.58504,4.119
4052,19.590655,5.615
4053,19.595328,4.673
4054,19.598088,2.76
4055,19.606318,8.23
4056,19.612906,6.588
4057,19.61585,2.944
4058,19.621582,5.732
4059,19.625606,4.024
4060,19.629664,4.058
4061,19.632661,2.997
4062,19.641104,8.443
4063,19.645934,4.83
4064,19.648927,2.993
4065,19.652985,4.058
4066,19.659661,6.676
4067,19.66423,4.569
4068,19.670494,6.264
4069,19.674031,3.537
4070,19.678187,4.156
4071,19.681155,2.968
4072,19.686418,5.263
4073,19.690244,3.826
4074,19.696619,6.375
4075,19.699867,3.248
4076,19.706427,6.56
4077,19.711072,4.645
4078,19.714091,3.019
4079,19.718908,4.817
4080,19.725474,6.566
4081,19.730076,4.602
4082,19.733349,3.273
4083,19.737333,3.984
4084,19.744706,7.373
4085,19.747764,3.058
4086,19.756328,8.564
4087,19.760175,3.847
4088,19.765252,5.077
4089,19.769564,4.312
4090,19.774553,4.989
4091,19.778157,3.604
4092,19.781497,3.34
4093,19.788037,6.54
4094,19.793835,5.798
4095,19.798578,4.743
4096,19.803876,5.298
4097,19.807322,3.446
4098,19.811909,4.587
4099,19.815307,3.398
4100,19.822408,7.101
4101,19.826429,4.021
4102,19.83126,4.831
4103,19.834509,3.249
4104,19.83856,4.051
4105,19.846938,8.378
4106,19.850186,3.248
4107,19.856695,6.509
4108,19.860659,3.964
4109,19.869667,9.008
4110,19.874151,4.484
4111,19.880728,6.577
4112,19.884329,3.601
4113,19.887722,3.393
4114,19.893466,5.744
4115,19.899043,5.577
4116,19.905061,6.018
4117,19.90847,3.409
4118,19.912666,4.196
4119,19.919055,6.389
4120,19.92222,3.165
4121,19.926237,4.017
4122,19.930203,3.966
4123,19.938166,7.963
4124,19.941309,3.143
4125,19.94731,6.001
4126,19.953005,5.695
4127,19.956173,3.168
4128,19.9598,3.627
4129,19.963799,3.999
4130,19.971014,7.215
4131,19.974146,3.132
4132,19.978203,4.057
4133,19.985746,7.543
4134,19.992395,6.649
4135,19.996173,3.778
4136,20.006944,10.771
4137,20.010899,3.955
4138,20.014722,3.823
4139,20.024042,9.32
4140,20.027782,3.74
4141,20.034982,7.2
4142,20.042206,7.224
4143,20.045334,3.128
4144,20.049923,4.589
4145,20.055452,5.529
4146,20.059711,4.259
4147,20.066913,7.202
4148,20.07474,7.827
4149,20.079589,4.849
4150,20.087375,7.786
4151,20.091895,4.52
4152,20.09869,6.795
4153,20.101542,2.852
4154,20.107205,5.663
4155,20.112013,4.808
4156,20.118217,6.204
4157,20.121453,3.236
4158,20.125761,4.308
4159,20.128951,3.19
4160,20.13479,5.839
4161,20.139066,4.276
4162,20.142251,3.185
4163,20.146299,4.048
4164,20.151288,4.989
4165,20.157187,5.899
4166,20.160998,3.811
4167,20.164963,3.965
4168,20.16973,4.767
4169,20.174811,5.081
4170,20.178101,3.29
4171,20.181967,3.866
4172,20.19169,9.723
4173,20.194644,2.954
4174,20.199732,5.088
4175,20.204651,4.919
4176,20.209651,5.0
4177,20.214755,5.104
4178,20.218695,3.94
4179,20.223106,4.411
4180,20.225804,2.698
4181,20.229682,3.878
4182,20.237692,8.01
4183,20.242709,5.017
4184,20.245661,2.952
4185,20.250156,4.495
4186,20.257984,7.828
4187,20.260937,2.953
4188,20.264792,3.855
4189,20.27198,7.188
4190,20.276823,4.843
4191,20.280756,3.933
4192,20.28447,3.714
4193,20.291826,7.356
4194,20.297128,5.302
4195,20.302493,5.365
4196,20.306197,3.704
4197,20.31105,4.853
4198,20.314149,3.099
4199,20.321771,7.622
4200,20.325769,3.998
4201,20.329131,3.362
4202,20.333101,3.97
4203,20.337836,4.735
4204,20.345568,7.732
4205,20.348416,2.848
4206,20.357114,8.698
4207,20.361498,4.384
4208,20.364612,3.114
4209,20.368581,3.969
4210,20.374827,6.246
4211,20.379438,4.611
4212,20.383745,4.307
4213,20.390842,7.097
4214,20.397349,6.507
4215,20.400605,3.256
4216,20.406564,5.959
4217,20.410686,4.122
4218,20.415865,5.179
4219,20.419007,3.142
4220,20.426322,7.315
4221,20.432685,6.363
4222,20.436389,3.704
4223,20.440014,3.625
4224,20.443967,3.953
4225,20.449328,5.361
4226,20.45573,6.402
4227,20.4587,2.97
4228,20.466515,7.815
4229,20.470176,3.661
4230,20.474733,4.557
4231,20.478726,3.993
4232,20.483379,4.653
4233,20.488124,4.745
4234,20.491971,3.847
4235,20.497165,5.194
4236,20.501243,4.078
4237,20.508579,7.336
4238,20.51293,4.351
4239,20.517542,4.612
4240,20.522054,4.512
4241,20.526738,4.684
4242,20.531084,4.346
4243,20.534149,3.065
4244,20.54306,8.911
4245,20.546933,3.873
4246,20.552002,5.069
4247,20.555035,3.033
4248,20.559592,4.557
4249,20.567151,7.559
4250,20.572076,4.925
4251,20.57535,3.274
4252,20.579661,4.311
4253,20.586265,6.604
4254,20.58919,2.925
4255,20.593277,4.087
4256,20.599554,6.277
4257,20.604198,4.644
4258,20.608654,4.456
4259,20.612665,4.011
4260,20.617661,4.996
4261,20.622405,4.744
4262,20.626423,4.018
4263,20.631529,5.106
4264,20.638227,6.698
4265,20.642259,4.032
4266,20.646406,4.147
4267,20.651153,4.747
4268,20.655696,4.543
4269,20.661457,5.761
4270,20.66596,4.503
4271,20.67266,6.7
4272,20.675967,3.307
4273,20.680625,4.658
4274,20.685102,4.477
4275,20.692753,7.651
4276,20.69683,4.077
4277,20.702334,5.504
4278,20.708699,6.365
4279,20.712659,3.96
4280,20.717328,4.669
4281,20.720876,3.548
4282,20.726764,5.888
4283,20.73014,3.376
4284,20.740975,10.835
4285,20.746234,5.259
4286,20.751113,4.879
4287,20.754392,3.279
4288,20.760252,5.86
4289,20.765873,5.621
4290,20.769839,3.966
4291,20.773189,3.35
4292,20.779804,6.615
4293,20.782884,3.08
4294,20.786999,4.115
4295,20.791934,4.935
4296,20.79573,3.796
4297,20.803385,7.655
4298,20.809929,6.544
4299,20.813285,3.356
4300,20.81729,4.005
4301,20.822182,4.892
4302,20.825403,3.221
4303,20.829457,4.054
4304,20.840868,11.411
4305,20.844186,3.318
4306,20.848493,4.307
4307,20.853373,4.88
4308,20.85822,4.847
4309,20.862102,3.882
4310,20.8677,5.598
4311,20.872521,4.821
4312,20.875468,2.947
4313,20.879081,3.613
4314,20.888434,9.353
4315,20.891739,3.305
4316,20.895722,3.983
4317,20.900468,4.746
4318,20.906574,6.106
4319,20.910446,3.872
4320,20.914314,3.868
4321,20.919891,5.577
4322,20.925613,5.722
4323,20.931398,5.785
4324,20.936201,4.803
4325,20.940287,4.086
4326,20.944337,4.05
4327,20.948264,3.927
4328,20.957205,8.941
4329,20.960533,3.328
4330,20.964486,3.953
4331,20.970973,6.487
4332,20.975455,4.482
4333,20.981343,5.888
4334,20.986756,5.413
4335,20.991377,4.621
4336,20.994862,3.485
4337,20.998637,3.775
4338,21.007764,9.127
4339,21.010762,2.998
4340,21.014912,4.15
4341,21.018864,3.952
4342,21.026126,7.262
4343,21.03109,4.964
4344,21.035203,4.113
4345,21.039895,4.692
4346,21.044272,4.377
4347,21.048324,4.052
4348,21.052195,3.871
4349,21.060958,8.763
4350,21.06802,7.062
4351,21.074995,6.975
4352,21.083364,8.369
4353,21.088703,5.339
4354,21.092288,3.585
4355,21.097877,5.589
4356,21.101337,3.46
4357,21.105285,3.948
4358,21.110968,5.683
4359,21.116909,5.941
4360,21.12079,3.881
4361,21.125862,5.072
4362,21.131001,5.139
4363,21.135055,4.054
4364,21.139128,4.073
4365,21.145061,5.933
4366,21.148713,3.652
4367,21.153827,5.114
4368,21.159453,5.626
4369,21.1644,4.947
4370,21.169583,5.183
4371,21.173567,3.984
4372,21.181758,8.191
4373,21.188339,6.581
4374,21.194367,6.028
4375,21.206536,12.169
4376,21.211114,4.578
4377,21.218169,7.055
4378,21.224455,6.286
4379,21.230871,6.416
4380,21.237837,6.966
4381,21.240934,3.097
4382,21.245215,4.281
4383,21.251861,6.646
4384,21.25538,3.519
4385,21.261082,5.702
4386,21.265512,4.43
4387,21.26909,3.578
4388,21.275706,6.616
4389,21.279089,3.383
4390,21.283389,4.3
4391,21.287748,4.359
4392,21.291213,3.465
4393,21.2957,4.487
4394,21.306377,10.677
4395,21.309345,2.968
4396,21.313079,3.734
4397,21.318348,5.269
4398,21.321865,3.517
4399,21.3268,4.935
4400,21.330803,4.003
4401,21.336954,6.151
4402,21.342379,5.425
4403,21.346445,4.066
4404,21.353257,6.812
4405,21.362027,8.77
4406,21.36707,5.043
4407,21.371035,3.965
4408,21.375818,4.783
4409,21.380348,4.53
4410,21.385955,5.607
4411,21.392967,7.012
4412,21.397405,4.438
4413,21.400711,3.306
4414,21.405031,4.32
4415,21.408338,3.307
4416,21.41435,6.012
4417,21.419532,5.182
4418,21.423528,3.996
4419,21.427557,4.029
4420,21.431568,4.011
4421,21.436521,4.953
4422,21.439305,2.784
4423,21.44517,5.865
4424,21.452115,6.945
4425,21.456145,4.03
4426,21.458986,2.841
4427,21.463588,4.602
4428,21.469682,6.094
4429,21.473331,3.649
4430,21.478633,5.302
4431,21.482419,3.786
4432,21.487192,4.773
4433,21.492439,5.247
4434,21.496361,3.922
4435,21.501575,5.214
4436,21.504704,3.129
4437,21.508665,3.961
4438,21.512476,3.811
4439,21.521286,8.81
4440,21.524447,3.161
4441,21.528219,3.772
4442,21.532071,3.852
4443,21.538956,6.885
4444,21.542026,3.07
4445,21.545931,3.905
4446,21.557046,11.115
4447,21.561341,4.295
4448,21.56553,4.189
4449,21.569194,3.664
4450,21.573895,4.701
4451,21.577117,3.222
4452,21.581078,3.961
4453,21.595459,14.381
4454,21.605541,10.082
4455,21.608677,3.136
4456,21.61276,4.083
4457,21.617337,4.577
4458,21.622317,4.98
4459,21.626439,4.122
4460,21.632322,5.883
4461,21.637487,5.165
4462,21.641501,4.014
4463,21.645236,3.735
4464,21.653147,7.911
4465,21.658965,5.818
4466,21.662752,3.787
4467,21.66682,4.068
4468,21.672134,5.314
4469,21.675428,3.294
4470,21.679157,3.729
4471,21.686309,7.152
4472,21.689224,2.915
4473,21.695027,5.803
4474,21.701299,6.272
4475,21.704452,3.153
4476,21.70839,3.938
4477,21.712278,3.888
4478,21.720231,7.953
4479,21.723316,3.085
4480,21.727988,4.672
4481,21.731871,3.883
4482,21.73859,6.719
4483,21.744222,5.632
4484,21.750046,5.824
4485,21.753036,2.99
4486,21.756274,3.238
4487,21.760287,4.013
4488,21.766032,5.745
4489,21.770991,4.959
4490,21.77414,3.149
4491,21.778964,4.824
4492,21.783704,4.74
4493,21.788955,5.251
4494,21.793701,4.746
4495,21.796574,2.873
4496,21.80389,7.316
4497,21.807716,3.826
4498,21.814319,6.603
4499,21.81752,3.201
4500,21.821644,4.124
4501,21.826295,4.651
4502,21.829325,3.03
4503,21.83776,8.435
4504,21.842325,4.565
4505,21.845625,3.3
4506,21.84967,4.045
4507,21.853408,3.738
4508,21.859717,6.309
4509,21.862962,3.245
4510,21.870865,7.903
4511,21.875572,4.707
4512,21.878897,3.325
4513,21.884366,5.469
4514,21.888083,3.717
4515,21.892875,4.792
4516,21.897708,4.833
4517,21.90175,4.042
4518,21.908149,6.399
4519,21.911462,3.313
4520,21.915468,4.006
4521,21.920509,5.041
4522,21.926232,5.723
4523,21.930396,4.164
4524,21.934212,3.816
4525,21.938698,4.486
4526,21.94198,3.282
4527,21.945782,3.802
4528,21.952362,6.58
4529,21.95689,4.528
4530,21.960342,3.452
4531,21.964321,3.979
4532,21.970357,6.036
4533,21.97453,4.173
4534,21.978449,3.919
4535,21.983788,5.339
4536,21.988598,4.81
4537,21.991598,3.0
4538,21.995423,3.825
4539,22.004975,9.552
4540,22.008111,3.136
4541,22.011904,3.793
4542,22.015835,3.931
4543,22.023159,7.324
4544,22.026477,3.318
4545,22.029868,3.391
4546,22.035956,6.088
4547,22.041211,5.255
4548,22.046993,5.782
4549,22.050724,3.731
4550,22.057235,6.511
4551,22.060194,2.959
4552,22.064776,4.582
4553,22.071831,7.055
4554,22.074798,2.967
4555,22.078713,3.915
4556,22.082794,4.081
4557,22.087269,4.475
4558,22.092315,5.046
4559,22.097251,4.936
4560,22.102137,4.886
4561,22.105051,2.914
4562,22.108954,3.903
4563,22.112695,3.741
4564,22.120119,7.424
4565,22.123369,3.25
4566,22.126953,3.584
4567,22.135102,8.149
4568,22.137782,2.68
4569,22.14332,5.538
4570,22.147072,3.752
4571,22.153622,6.55
4572,22.156644,3.022
4573,22.161791,5.147
4574,22.167411,5.62
4575,22.173195,5.784
4576,22.176854,3.659
4577,22.180644,3.79
4578,22.188698,8.054
4579,22.191851,3.153
4580,22.19565,3.799
4581,22.19997,4.32
4582,22.209384,9.414
4583,22.215057,5.673
4584,22.218901,3.844
4585,22.223267,4.366
4586,22.2265930000001,3.326
4587,22.230449,3.856
4588,22.235089,4.64
4589,22.240746,5.657
4590,22.244455,3.709
4591,22.248552,4.097
4592,22.253204,4.652
4593,22.25619,2.986
4594,22.262493,6.303
4595,22.267344,4.851
4596,22.272447,5.103
4597,22.27613,3.683
4598,22.281577,5.447
4599,22.286284,4.707
4600,22.289394,3.11
4601,22.293351,3.957
4602,22.297482,4.131
4603,22.306416,8.934
4604,22.309417,3.001
4605,22.313007,3.59
4606,22.323164,10.157
4607,22.326713,3.549
4608,22.331471,4.758
4609,22.335432,3.961
4610,22.341226,5.794
4611,22.345004,3.778
4612,22.348543,3.539
4613,22.354497,5.954
4614,22.35895,4.453
4615,22.36277,3.82
4616,22.36825,5.48
4617,22.372856,4.606
4618,22.376364,3.508
4619,22.383234,6.87
4620,22.386266,3.032
4621,22.391041,4.775
4622,22.394112,3.071
4623,22.398022,3.91
4624,22.404555,6.533
4625,22.409195,4.64
4626,22.412122,2.927
4627,22.421062,8.94
4628,22.427289,6.227
4629,22.430483,3.194
4630,22.434293,3.81
4631,22.440568,6.275
4632,22.444801,4.233
4633,22.448003,3.202
4634,22.455816,7.813
4635,22.460418,4.602
4636,22.463825,3.407
4637,22.467681,3.856
4638,22.473158,5.477
4639,22.477953,4.795
4640,22.482508,4.555
4641,22.486633,4.125
4642,22.494453,7.82
4643,22.497751,3.298
4644,22.501324,3.573
4645,22.504835,3.511
4646,22.509425,4.59
4647,22.512426,3.001
4648,22.518996,6.57
4649,22.522693,3.697
4650,22.527292,4.599
4651,22.530512,3.22
4652,22.538076,7.564
4653,22.544331,6.255
4654,22.548095,3.764
4655,22.5531,5.005
4656,22.556963,3.863
4657,22.561303,4.34
4658,22.569369,8.066
4659,22.572979,3.61
4660,22.577587,4.608
4661,22.581066,3.479
4662,22.588242,7.176
4663,22.594233,5.991
4664,22.600389,6.156
4665,22.604518,4.129
4666,22.609304,4.786
4667,22.613604,4.3
4668,22.619365,5.761
4669,22.623183,3.818
4670,22.627119,3.936
4671,22.631656,4.537
4672,22.638343,6.687
4673,22.643947,5.604
4674,22.653674,9.727
4675,22.656706,3.032
4676,22.659685,2.979
4677,22.663577,3.892
4678,22.668914,5.337
4679,22.672242,3.328
4680,22.675879,3.637
4681,22.680661,4.782
4682,22.688607,7.946
4683,22.694222,5.615
4684,22.6982,3.978
4685,22.703429,5.229
4686,22.707117,3.688
4687,22.71082,3.703
4688,22.717666,6.846
4689,22.721198,3.532
4690,22.724855,3.657
4691,22.728825,3.97
4692,22.733563,4.738
4693,22.736575,3.012
4694,22.743314,6.739
4695,22.747932,4.618
4696,22.753207,5.275
4697,22.757175,3.968
4698,22.762869,5.694
4699,22.767797,4.928
4700,22.770851,3.054
4701,22.774668,3.817
4702,22.779059,4.391
4703,22.786749,7.69
4704,22.790554,3.805
4705,22.794562,4.008
4706,22.801466,6.904
4707,22.804558,3.092
4708,22.810091,5.533
4709,22.817509,7.418
4710,22.820701,3.192
4711,22.824929,4.228
4712,22.828585,3.656
4713,22.835513,6.928
4714,22.838307,2.794
4715,22.842343,4.036
4716,22.846764,4.421
4717,22.85373,6.966
4718,22.859251,5.521
4719,22.86309,3.839
4720,22.869139,6.049
4721,22.872133,2.994
4722,22.876869,4.736
4723,22.88089,4.021
4724,22.888859,7.969
4725,22.892699,3.84
4726,22.896557,3.858
4727,22.904923,8.366
4728,22.909805,4.882
4729,22.914347,4.542
4730,22.920905,6.558
4731,22.923882,2.977
4732,22.927904,4.022
4733,22.931875,3.971
4734,22.939365,7.49
4735,22.942762,3.397
4736,22.948567,5.805
4737,22.954382,5.815
4738,22.95845,4.068
4739,22.962379,3.929
4740,22.967111,4.732
4741,22.970322,3.211
4742,22.974207,3.885
4743,22.978235,4.028
4744,22.986342,8.107
4745,22.989256,2.914
4746,22.993224,3.968
4747,22.997924,4.7
4748,23.003279,5.355
4749,23.007111,3.832
4750,23.011883,4.772
4751,23.015898,4.015
4752,23.022387,6.489
4753,23.028386,5.999
4754,23.034809,6.423
4755,23.037745,2.936
4756,23.041466,3.721
4757,23.048133,6.667
4758,23.054163,6.03
4759,23.057419,3.256
4760,23.062147,4.728
4761,23.065219,3.072
4762,23.072377,7.158
4763,23.078138,5.761
4764,23.082406,4.268
4765,23.088351,5.945
4766,23.092263,3.912
4767,23.09689,4.627
4768,23.101973,5.083
4769,23.106885,4.912
4770,23.11176,4.875
4771,23.115909,4.149
4772,23.12312,7.211
4773,23.128664,5.544
4774,23.133003,4.339
4775,23.136356,3.353
4776,23.140307,3.951
4777,23.145045,4.738
4778,23.152614,7.569
4779,23.156875,4.261
4780,23.162733,5.858
4781,23.165974,3.241
4782,23.169849,3.875
4783,23.175724,5.875
4784,23.180281,4.557
4785,23.185453,5.172
4786,23.189319,3.866
4787,23.194099,4.78
4788,23.197224,3.125
4789,23.203938,6.714
4790,23.208508,4.57
4791,23.211698,3.19
4792,23.219141,7.443
4793,23.224446,5.305
4794,23.229168,4.722
4795,23.232895,3.727
4796,23.238238,5.343
4797,23.242794,4.556
4798,23.247361,4.567
4799,23.251968,4.607
4800,23.255954,3.986
4801,23.26047,4.516
4802,23.265659,5.189
4803,23.270086,4.427
4804,23.276691,6.605
4805,23.279925,3.234
4806,23.284376,4.451
4807,23.288003,3.627
4808,23.294676,6.673
4809,23.299228,4.552
4810,23.303102,3.874
4811,23.309938,6.836
4812,23.314153,4.215
4813,23.317986,3.833
4814,23.321736,3.75
4815,23.326538,4.802
4816,23.32973,3.192
4817,23.333661,3.931
4818,23.342323,8.662
4819,23.345337,3.014
4820,23.351287,5.95
4821,23.355492,4.205
4822,23.360019,4.527
4823,23.365441,5.422
4824,23.370353,4.912
4825,23.375938,5.585
4826,23.379381,3.443
4827,23.383202,3.821
4828,23.387879,4.677
4829,23.392155,4.276
4830,23.395356,3.201
4831,23.399439,4.083
4832,23.404196,4.757
4833,23.409702,5.506
4834,23.413458,3.756
4835,23.417429,3.971
4836,23.422317,4.888
4837,23.425289,2.972
4838,23.431171,5.882
4839,23.43559,4.419
4840,23.438931,3.341
4841,23.443047,4.116
4842,23.446685,3.638
4843,23.453263,6.578
4844,23.457289,4.026
4845,23.460784,3.495
4846,23.468166,7.382
4847,23.471283,3.117
4848,23.476982,5.699
4849,23.481052,4.07
4850,23.486857,5.805
4851,23.489895,3.038
4852,23.493783,3.888
4853,23.50292,9.137
4854,23.506127,3.207
4855,23.509955,3.828
4856,23.513931,3.976
4857,23.518732,4.801
4858,23.523654,4.922
4859,23.52732,3.666
4860,23.537248,9.928
4861,23.540395,3.147
4862,23.544317,3.922
4863,23.55023,5.913
4864,23.554677,4.447
4865,23.557968,3.291
4866,23.56176,3.792
4867,23.569584,7.824
4868,23.573759,4.175
4869,23.578364,4.605
4870,23.582323,3.959
4871,23.587087,4.764
4872,23.590274,3.187
4873,23.59411,3.836
4874,23.603188,9.078
4875,23.606419,3.231
4876,23.610343,3.924
4877,23.614359,4.016
4878,23.618756,4.397
4879,23.624453,5.697
4880,23.628093,3.64
4881,23.636558,8.465
4882,23.639579,3.021
4883,23.644901,5.322
4884,23.648798,3.897
4885,23.654894,6.096
4886,23.658777,3.883
4887,23.662455,3.678
4888,23.669885,7.43
4889,23.673119,3.234
4890,23.678281,5.162
4891,23.682325,4.044
4892,23.687001,4.676
4893,23.692085,5.084
4894,23.696801,4.716
4895,23.701463,4.662
4896,23.704744,3.281
4897,23.708698,3.954
4898,23.712453,3.755
4899,23.719416,6.963
4900,23.722644,3.228
4901,23.726518,3.874
4902,23.730338,3.82
4903,23.737459,7.121
4904,23.740654,3.195
4905,23.744382,3.728
4906,23.750238,5.856
4907,23.755667,5.429
4908,23.761436,5.769
4909,23.765693,4.257
4910,23.770418,4.725
4911,23.77349,3.072
4912,23.77709,3.6
4913,23.783905,6.815
4914,23.788555,4.65
4915,23.791832,3.277
4916,23.795653,3.821
4917,23.803913,8.26
4918,23.808848,4.935
4919,23.812608,3.76
4920,23.818177,5.569
4921,23.822734,4.557
4922,23.825995,3.261
4923,23.829993,3.998
4924,23.837742,7.749
4925,23.842335,4.593
4926,23.84557,3.235
4927,23.849467,3.897
4928,23.856452,6.985
4929,23.859704,3.252
4930,23.863965,4.261
4931,23.867494,3.529
4932,23.873971,6.477
4933,23.877148,3.177
4934,23.885138,7.99
4935,23.888782,3.644
4936,23.89333,4.548
4937,23.89658,3.25
4938,23.90158,5.0
4939,23.906053,4.473
4940,23.909369,3.316
4941,23.913475,4.106
4942,23.9219,8.425
4943,23.928487,6.587
4944,23.931538,3.051
4945,23.936882,5.344
4946,23.94086,3.978
4947,23.945462,4.602
4948,23.953965,8.503
4949,23.957714,3.749
4950,23.962402,4.688
4951,23.966102,3.7
4952,23.970798,4.696
4953,23.977765,6.967
4954,23.982211,4.446
4955,23.988952,6.741
4956,23.992844,3.892
4957,23.998601,5.757
4958,24.002581,3.98
4959,24.006471,3.89
4960,24.010533,4.062
4961,24.016123,5.59
4962,24.019477,3.354
4963,24.024135,4.658
4964,24.030504,6.369
4965,24.033969,3.465
4966,24.037447,3.478
4967,24.041461,4.014
4968,24.045918,4.457
4969,24.052335,6.417
4970,24.056043,3.708
4971,24.060863,4.82
4972,24.063893,3.03
4973,24.07005,6.157
4974,24.07395,3.9
4975,24.078833,4.883
4976,24.084007,5.174
4977,24.090027,6.02
4978,24.096465,6.438
4979,24.100485,4.02
4980,24.103938,3.453
4981,24.109462,5.524
4982,24.113961,4.499
4983,24.118834,4.873
4984,24.122857,4.023
4985,24.127598,4.741
4986,24.130904,3.306
4987,24.134914,4.01
4988,24.140576,5.662
4989,24.147537,6.961
4990,24.151819,4.282
4991,24.154662,2.843
4992,24.160953,6.291
4993,24.164544,3.591
4994,24.168455,3.911
4995,24.172493,4.038
4996,24.177708,5.215
4997,24.18508,7.372
4998,24.190784,5.704
4999,24.195355,4.571
5000,24.20018,4.825
5001,24.203957,3.777
5002,24.208066,4.109
5003,24.216439,8.373
5004,24.22049,4.051
5005,24.224375,3.885
5006,24.229175,4.8
5007,24.232431,3.256
5008,24.238482,6.051
5009,24.242277,3.795
5010,24.247064,4.787
5011,24.253974,6.91
5012,24.258063,4.089
5013,24.264494,6.431
5014,24.267675,3.181
5015,24.272953,5.278
5016,24.276859,3.906
5017,24.281299,4.44
5018,24.289437,8.138
5019,24.293265,3.828
5020,24.297997,4.732
5021,24.301215,3.218
5022,24.305122,3.907
5023,24.309247,4.125
5024,24.317473,8.226
5025,24.320665,3.192
5026,24.325621,4.956
5027,24.330562,4.941
5028,24.335474,4.912
5029,24.339405,3.931
5030,24.343892,4.487
5031,24.348091,4.199
5032,24.351942,3.851
5033,24.358195,6.253
5034,24.361874,3.679
5035,24.365731,3.857
5036,24.370329,4.598
5037,24.375114,4.785
5038,24.379716,4.602
5039,24.385665,5.949
5040,24.389809,4.144
5041,24.394278,4.469
5042,24.397494,3.216
5043,24.404183,6.689
5044,24.408267,4.084
5045,24.412642,4.375
5046,24.420827,8.185
5047,24.42492,4.093
5048,24.430411,5.491
5049,24.433747,3.336
5050,24.438931,5.184
5051,24.445497,6.566
5052,24.45457,9.073
5053,24.458838,4.268
5054,24.462929,4.091
5055,24.467856,4.927
5056,24.470927,3.071
5057,24.475021,4.094
5058,24.483794,8.773
5059,24.486648,2.854
5060,24.490929,4.281
5061,24.495606,4.677
5062,24.50031,4.704
5063,24.505294,4.984
5064,24.509217,3.923
5065,24.516737,7.52
5066,24.519411,2.674
5067,24.523168,3.757
5068,24.527736,4.568
5069,24.533584,5.848
5070,24.537407,3.823
5071,24.541556,4.149
5072,24.547118,5.562
5073,24.55254,5.422
5074,24.556386,3.846
5075,24.561499,5.113
5076,24.565681,4.182
5077,24.571234,5.553
5078,24.577955,6.721
5079,24.581667,3.712
5080,24.586991,5.324
5081,24.590998,4.007
5082,24.596419,5.421
5083,24.603227,6.808
5084,24.607102,3.875
5085,24.611738,4.636
5086,24.617013,5.275
5087,24.621335,4.322
5088,24.627118,5.783
5089,24.630151,3.033
5090,24.636876,6.725
5091,24.640956,4.08
5092,24.645606,4.65
5093,24.650695,5.089
5094,24.654621,3.926
5095,24.663478,8.857
5096,24.667841,4.363
5097,24.671198,3.357
5098,24.677667,6.469
5099,24.681046,3.379
5100,24.685153,4.107
5101,24.689131,3.978
5102,24.694599,5.468
5103,24.699196,4.597
5104,24.702973,3.777
5105,24.707853,4.88
5106,24.711031,3.178
5107,24.717996,6.965
5108,24.723668,5.672
5109,24.73083,7.162
5110,24.734606,3.776
5111,24.739392,4.786
5112,24.744166,4.774
5113,24.747239,3.073
5114,24.753151,5.912
5115,24.757223,4.072
5116,24.762026,4.803
5117,24.770043,8.017
5118,24.775825,5.782
5119,24.780311,4.486
5120,24.784924,4.613
5121,24.788768,3.844
5122,24.793568,4.8
5123,24.801854,8.286
5124,24.805791,3.937
5125,24.809725,3.934
5126,24.814439,4.714
5127,24.817626,3.187
5128,24.825713,8.087
5129,24.830552,4.839
5130,24.837176,6.624
5131,24.841365,4.189
5132,24.846097,4.732
5133,24.850958,4.861
5134,24.855052,4.094
5135,24.859009,3.957
5136,24.864083,5.074
5137,24.86819,4.107
5138,24.872799,4.609
5139,24.878442,5.643
5140,24.881706,3.264
5141,24.885746,4.04
5142,24.889869,4.123
5143,24.894381,4.512
5144,24.900618,6.237
5145,24.904621,4.003
5146,24.90953,4.909
5147,24.912542,3.012
5148,24.918671,6.129
5149,24.922635,3.964
5150,24.927766,5.131
5151,24.931524,3.758
5152,24.937655,6.131
5153,24.944269,6.614
5154,24.947344,3.075
5155,24.952395,5.051
5156,24.957158,4.763
5157,24.962001,4.843
5158,24.966586,4.585
5159,24.970723,4.137
5160,24.97536,4.637
5161,24.978627,3.267
5162,24.982817,4.19
5163,24.988514,5.697
5164,24.994596,6.082
5165,24.997778,3.182
5166,25.001878,4.1
5167,25.006806,4.928
5168,25.012047,5.241
5169,25.015816,3.769
5170,25.019534,3.718
5171,25.0247,5.166
5172,25.029315,4.615
5173,25.033773,4.458
5174,25.038693,4.92
5175,25.04303,4.337
5176,25.045709,2.679
5177,25.052629,6.92
5178,25.059417,6.788
5179,25.063153,3.736
5180,25.068185,5.032
5181,25.072792,4.607
5182,25.076162,3.37
5183,25.083198,7.036
5184,25.087074,3.876
5185,25.091962,4.888
5186,25.09636,4.398
5187,25.103037,6.677
5188,25.110695,7.658
5189,25.117102,6.407
5190,25.124445,7.343
5191,25.131747,7.302
5192,25.137078,5.331
5193,25.144338,7.26
5194,25.152495,8.157
5195,25.158648,6.153
5196,25.164383,5.735
5197,25.169591,5.208
5198,25.176484,6.893
5199,25.182492,6.008
5200,25.1943,11.808
5201,25.197601,3.301
5202,25.201549,3.948
5203,25.20686,5.311
5204,25.210841,3.981
5205,25.21563,4.789
5206,25.21889,3.26
5207,25.222996,4.106
5208,25.229163,6.167
5209,25.232532,3.369
5210,25.236348,3.816
5211,25.241235,4.887
5212,25.244369,3.134
5213,25.252457,8.088
5214,25.256858,4.401
5215,25.261791,4.933
5216,25.266237,4.446
5217,25.270744,4.507
5218,25.275998,5.254
5219,25.280422,4.424
5220,25.285749,5.327
5221,25.288794,3.045
5222,25.294216,5.422
5223,25.300674,6.458
5224,25.30388,3.206
5225,25.307966,4.086
5226,25.313954,5.988
5227,25.318193,4.239
5228,25.323429,5.236
5229,25.32724,3.811
5230,25.334459,7.219
5231,25.337525,3.066
5232,25.341815,4.29
5233,25.34693,5.115
5234,25.352893,5.963
5235,25.356244,3.351
5236,25.360328,4.084
5237,25.364463,4.135
5238,25.373198,8.735
5239,25.376385,3.187
5240,25.382788,6.403
5241,25.387574,4.786
5242,25.390984,3.41
5243,25.396883,5.899
5244,25.401615,4.732
5245,25.405755,4.14
5246,25.409131,3.376
5247,25.413295,4.164
5248,25.417415,4.12
5249,25.424964,7.549
5250,25.428413,3.449
5251,25.432506,4.093
5252,25.440233,7.727
5253,25.444987,4.754
5254,25.44938,4.393
5255,25.453515,4.135
5256,25.458285,4.77
5257,25.461353,3.068
5258,25.467255,5.902
5259,25.471472,4.217
5260,25.477531,6.059
5261,25.48107,3.539
5262,25.485147,4.077
5263,25.491856,6.709
5264,25.496954,5.098
5265,25.502392,5.438
5266,25.506595,4.203
5267,25.511544,4.949
5268,25.515199,3.655
5269,25.51909,3.891
5270,25.523252,4.162
5271,25.528034,4.782
5272,25.534664,6.63
5273,25.540564,5.9
5274,25.546981,6.417
5275,25.551046,4.065
5276,25.556334,5.288
5277,25.559997,3.663
5278,25.566884,6.887
5279,25.570239,3.355
5280,25.57412,3.881
5281,25.579966,5.846
5282,25.583201,3.235
5283,25.589124,5.923
5284,25.594492,5.368
5285,25.599525,5.033
5286,25.602706,3.181
5287,25.606826,4.12
5288,25.613993,7.167
5289,25.617017,3.024
5290,25.62265,5.633
5291,25.628667,6.017
5292,25.63352,4.853
5293,25.63867,5.15
5294,25.643753,5.083
5295,25.649042,5.289
5296,25.65206,3.018
5297,25.656802,4.742
5298,25.660747,3.945
5299,25.665695,4.948
5300,25.668882,3.187
5301,25.672926,4.044
5302,25.677589,4.663
5303,25.683011,5.422
5304,25.686983,3.972
5305,25.691146,4.163
5306,25.698458,7.312
5307,25.701392,2.934
5308,25.706625,5.233
5309,25.711273,4.648
5310,25.714921,3.648
5311,25.720365,5.444
5312,25.724312,3.947
5313,25.730958,6.646
5314,25.734228,3.27
5315,25.738251,4.023
5316,25.743062,4.811
5317,25.746887,3.825
5318,25.75268,5.793
5319,25.756733,4.053
5320,25.761257,4.524
5321,25.764692,3.435
5322,25.768867,4.175
5323,25.775687,6.82
5324,25.779463,3.776
5325,25.783269,3.806
5326,25.787211,3.942
5327,25.791933,4.722
5328,25.795238,3.305
5329,25.801209,5.971
5330,25.805161,3.952
5331,25.809846,4.685
5332,25.817529,7.683
5333,25.823162,5.633
5334,25.827919,4.757
5335,25.832427,4.508
5336,25.836278,3.851
5337,25.84028,4.002
5338,25.847656,7.376
5339,25.850916,3.26
5340,25.854872,3.956
5341,25.860611,5.739
5342,25.864207,3.596
5343,25.869168,4.961
5344,25.873207,4.039
5345,25.879153,5.946
5346,25.882586,3.433
5347,25.886348,3.762
5348,25.892795,6.447
5349,25.897707,4.912
5350,25.901589,3.882
5351,25.905628,4.039
5352,25.910232,4.604
5353,25.916735,6.503
5354,25.920732,3.997
5355,25.925527,4.795
5356,25.928791,3.264
5357,25.938318,9.527
5358,25.944067,5.749
5359,25.949135,5.068
5360,25.952196,3.061
5361,25.955973,3.777
5362,25.961369,5.396
5363,25.96662,5.251
5364,25.971767,5.147
5365,25.975731,3.964
5366,25.981901,6.17
5367,25.98466,2.759
5368,25.990676,6.016
5369,25.995073,4.397
5370,26.000604,5.531
5371,26.004713,4.109
5372,26.008656,3.943
5373,26.01645,7.794
5374,26.019547,3.097
5375,26.023652,4.105
5376,26.02834,4.688
5377,26.031788,3.448
5378,26.039483,7.695
5379,26.043317,3.834
5380,26.050017,6.7
5381,26.05334,3.323
5382,26.057369,4.029
5383,26.064473,7.104
5384,26.067992,3.519
5385,26.073375,5.383
5386,26.07885,5.475
5387,26.08359,4.74
5388,26.088722,5.132
5389,26.093475,4.753
5390,26.098472,4.997
5391,26.101455,2.983
5392,26.105472,4.017
5393,26.109532,4.06
5394,26.118036,8.504
5395,26.121132,3.096
5396,26.125867,4.735
5397,26.130518,4.651
5398,26.135315,4.797
5399,26.139231,3.916
5400,26.143188,3.957
5401,26.148526,5.338
5402,26.154053,5.527
5403,26.15989,5.837
5404,26.167221,7.331
5405,26.170473,3.252
5406,26.173899,3.426
5407,26.177581,3.682
5408,26.185589,8.008
5409,26.188736,3.147
5410,26.192406,3.67
5411,26.197037,4.631
5412,26.203507,6.47
5413,26.209312,5.805
5414,26.215622,6.31
5415,26.219885,4.263
5416,26.222959,3.074
5417,26.227115,4.156
5418,26.232999,5.884
5419,26.238207,5.208
5420,26.242264,4.057
5421,26.246219,3.955
5422,26.25416,7.941
5423,26.259143,4.983
5424,26.268273,9.13
5425,26.271784,3.511
5426,26.275284,3.5
5427,26.280328,5.044
5428,26.285609,5.281
5429,26.289517,3.908
5430,26.294188,4.671
5431,26.297879,3.691
5432,26.301745,3.866
5433,26.308121,6.376
5434,26.311981,3.86
5435,26.316074,4.093
5436,26.320975,4.901
5437,26.325078,4.103
5438,26.331235,6.157
5439,26.335746,4.511
5440,26.339111,3.365
5441,26.34301,3.899
5442,26.350912,7.902
5443,26.356046,5.134
5444,26.360171,4.125
5445,26.367165,6.994
5446,26.370197,3.032
5447,26.374301,4.104
5448,26.379701,5.4
5449,26.384353,4.652
5450,26.387844,3.491
5451,26.391924,4.08
5452,26.400976,9.052
5453,26.406089,5.113
5454,26.411473,5.384
5455,26.415676,4.203
5456,26.420449,4.773
5457,26.425439,4.99
5458,26.429506,4.067
5459,26.435668,6.162
5460,26.438995,3.327
5461,26.443518,4.523
5462,26.451078,7.56
5463,26.457389,6.311
5464,26.465881,8.492
5465,26.471746,5.865
5466,26.478569,6.823
5467,26.481788,3.219
5468,26.486535,4.747
5469,26.491596,5.061
5470,26.494714,3.118
5471,26.498801,4.087
5472,26.502712,3.911
5473,26.509597,6.885
5474,26.512503,2.906
5475,26.516511,4.008
5476,26.521313,4.802
5477,26.52446,3.147
5478,26.530917,6.457
5479,26.534553,3.636
5480,26.53997,5.417
5481,26.544554,4.584
5482,26.549055,4.501
5483,26.553796,4.741
5484,26.557094,3.298
5485,26.561239,4.145
5486,26.568029,6.79
5487,26.572551,4.522
5488,26.576071,3.52
5489,26.5825,6.429
5490,26.587899,5.399
5491,26.592963,5.064
5492,26.597201,4.238
5493,26.60097,3.769
5494,26.605459,4.489
5495,26.608875,3.416
5496,26.613028,4.153
5497,26.618071,5.043
5498,26.621073,3.002
5499,26.625125,4.052
5500,26.631531,6.406
5501,26.636109,4.578
5502,26.642087,5.978
5503,26.646351,4.264
5504,26.652528,6.177
5505,26.655754,3.226
5506,26.661808,6.054
5507,26.66551,3.702
5508,26.670269,4.759
5509,26.673546,3.277
5510,26.678026,4.48
5511,26.684897,6.871
5512,26.688039,3.142
5513,26.692111,4.072
5514,26.699696,7.585
5515,26.704149,4.453
5516,26.707515,3.366
5517,26.711399,3.884
5518,26.718575,7.176
5519,26.721536,2.961
5520,26.725438,3.902
5521,26.733774,8.336
5522,26.740207,6.433
5523,26.744132,3.925
5524,26.749786,5.654
5525,26.754469,4.683
5526,26.757657,3.188
5527,26.761619,3.962
5528,26.768593,6.974
5529,26.773501,4.908
5530,26.778164,4.663
5531,26.782698,4.534
5532,26.787124,4.426
5533,26.792429,5.305
5534,26.796577,4.148
5535,26.8004,3.823
5536,26.805138,4.738
5537,26.808348,3.21
5538,26.814494,6.146
5539,26.818563,4.069
5540,26.822372,3.809
5541,26.826235,3.863
5542,26.833675,7.44
5543,26.838228,4.553
5544,26.841502,3.274
5545,26.845968,4.466
5546,26.853265,7.297
5547,26.856715,3.45
5548,26.860485,3.77
5549,26.864674,4.189
5550,26.871684,7.01
5551,26.876763,5.079
5552,26.880889,4.126
5553,26.889397,8.508
5554,26.892601,3.204
5555,26.898273,5.672
5556,26.902363,4.09
5557,26.906885,4.522
5558,26.910433,3.548
5559,26.916583,6.15
5560,26.922797,6.214
5561,26.926151,3.354
5562,26.932109,5.958
5563,26.936002,3.893
5564,26.940705,4.703
5565,26.944184,3.479
5566,26.949592,5.408
5567,26.95471,5.118
5568,26.958134,3.424
5569,26.962208,4.074
5570,26.966315,4.107
5571,26.972822,6.507
5572,26.976138,3.316
5573,26.982078,5.94
5574,26.986701,4.623
5575,26.989962,3.261
5576,26.994253,4.291
5577,26.998424,4.171
5578,27.003273,4.849
5579,27.006603,3.33
5580,27.010859,4.256
5581,27.017965,7.106
5582,27.023121,5.156
5583,27.0271,3.979
5584,27.031945,4.845
5585,27.036366,4.421
5586,27.039748,3.382
5587,27.044024,4.276
5588,27.053246,9.222
5589,27.056672,3.426
5590,27.060759,4.087
5591,27.064636,3.877
5592,27.071487,6.851
5593,27.074904,3.417
5594,27.078857,3.953
5595,27.087511,8.654
5596,27.092718,5.207
5597,27.096664,3.946
5598,27.10075,4.086
5599,27.107556,6.806
5600,27.110623,3.067
5601,27.114278,3.655
5602,27.122026,7.748
5603,27.126124,4.098
5604,27.130404,4.28
5605,27.136229,5.825
5606,27.141496,5.267
5607,27.146078,4.582
5608,27.150263,4.185
5609,27.15546,5.197
5610,27.160754,5.294
5611,27.164663,3.909
5612,27.168821,4.158
5613,27.173956,5.135
5614,27.178728,4.772
5615,27.182263,3.535
5616,27.188715,6.452
5617,27.191927,3.212
5618,27.197552,5.625
5619,27.20127,3.718
5620,27.206423,5.153
5621,27.210835,4.412
5622,27.216819,5.984
5623,27.221425,4.606
5624,27.224584,3.159
5625,27.22875,4.166
5626,27.234884,6.134
5627,27.239471,4.587
5628,27.24305,3.579
5629,27.250899,7.849
5630,27.254976,4.077
5631,27.259509,4.533
5632,27.263554,4.045
5633,27.267312,3.758
5634,27.27192,4.608
5635,27.27515,3.23
5636,27.282881,7.731
5637,27.287459,4.578
5638,27.290712,3.253
5639,27.294704,3.992
5640,27.298539,3.835
5641,27.305181,6.642
5642,27.308644,3.463
5643,27.317684,9.04
5644,27.322523,4.839
5645,27.327119,4.596
5646,27.331095,3.976
5647,27.334891,3.796
5648,27.342309,7.418
5649,27.350578,8.269
5650,27.353803,3.225
5651,27.359428,5.625
5652,27.363711,4.283
5653,27.367787,4.076
5654,27.37192,4.133
5655,27.377571,5.651
5656,27.381735,4.164
5657,27.385827,4.092
5658,27.390609,4.782
5659,27.393743,3.134
5660,27.398823,5.08
5661,27.40258,3.757
5662,27.41238,9.8
5663,27.415878,3.498
5664,27.418755,2.877
5665,27.42349,4.735
5666,27.428628,5.138
5667,27.434045,5.417
5668,27.439414,5.369
5669,27.444523,5.109
5670,27.44736,2.837
5671,27.453413,6.053
5672,27.457701,4.288
5673,27.460554,2.853
5674,27.467848,7.294
5675,27.472358,4.51
5676,27.477057,4.699
5677,27.481839,4.782
5678,27.485866,4.027
5679,27.490641,4.775
5680,27.495147,4.506
5681,27.49899,3.843
5682,27.502998,4.008
5683,27.507772,4.774
5684,27.514161,6.389
5685,27.518087,3.926
5686,27.524297,6.21
5687,27.527661,3.364
5688,27.531719,4.058
5689,27.535515,3.796
5690,27.54001,4.495
5691,27.544604,4.594
5692,27.551162,6.558
5693,27.555816,4.654
5694,27.558967,3.151
5695,27.565459,6.492
5696,27.568633,3.174
5697,27.574805,6.172
5698,27.579415,4.61
5699,27.582899,3.484
5700,27.587134,4.235
5701,27.590301,3.167
5702,27.598684,8.383
5703,27.60207,3.386
5704,27.606712,4.642
5705,27.609695,2.983
5706,27.617801,8.106
5707,27.622273,4.472
5708,27.627441,5.168
5709,27.633261,5.82
5710,27.636725,3.464
5711,27.641376,4.651
5712,27.644626,3.25
5713,27.648454,3.828
5714,27.656288,7.834
5715,27.659743,3.455
5716,27.666539,6.796
5717,27.672184,5.645
5718,27.676739,4.555
5719,27.680229,3.49
5720,27.684111,3.882
5721,27.688414,4.303
5722,27.691605,3.191
5723,27.697977,6.372
5724,27.701712,3.735
5725,27.706667,4.955
5726,27.709678,3.011
5727,27.716657,6.979
5728,27.722931,6.274
5729,27.726072,3.141
5730,27.731684,5.612
5731,27.73504,3.356
5732,27.739688,4.648
5733,27.742807,3.119
5734,27.751284,8.477
5735,27.756173,4.889
5736,27.759838,3.665
5737,27.766139,6.301
5738,27.770557,4.418
5739,27.775036,4.479
5740,27.780314,5.278
5741,27.783917,3.603
5742,27.790565,6.648
5743,27.793732,3.167
5744,27.799694,5.962
5745,27.80372,4.026
5746,27.808229,4.509
5747,27.814812,6.583
5748,27.818265,3.453
5749,27.823101,4.836
5750,27.826187,3.086
5751,27.830279,4.092
5752,27.836227,5.948
5753,27.840786,4.559
5754,27.84385,3.064
5755,27.849001,5.151
5756,27.857798,8.797
5757,27.861354,3.556
5758,27.865081,3.727
5759,27.868805,3.724
5760,27.87346,4.655
5761,27.876688,3.228
5762,27.883346,6.658
5763,27.887979,4.633
5764,27.891779,3.8
5765,27.897078,5.299
5766,27.901136,4.058
5767,27.907824,6.688
5768,27.910803,2.979
5769,27.914863,4.06
5770,27.91951,4.647
5771,27.925452,5.942
5772,27.930616,5.164
5773,27.933726,3.11
5774,27.938203,4.477
5775,27.941258,3.055
5776,27.948325,7.067
5777,27.955227,6.902
5778,27.958578,3.351
5779,27.964427,5.849
5780,27.96851,4.083
5781,27.97282,4.31
5782,27.975896,3.076
5783,27.983503,7.607
5784,27.988121,4.618
5785,27.991882,3.761
5786,27.995792,3.91
5787,28.00201,6.218
5788,28.006696,4.686
5789,28.009675,2.979
5790,28.01509,5.415
5791,28.022578,7.488
5792,28.025761,3.183
5793,28.030047,4.286
5794,28.036947,6.9
5795,28.041591,4.644
5796,28.044676,3.085
5797,28.049957,5.281
5798,28.056671,6.714
5799,28.05962,2.949
5800,28.068469,8.849
5801,28.071891,3.422
5802,28.076525,4.634
5803,28.079665,3.14
5804,28.086177,6.512
5805,28.090855,4.678
5806,28.0942,3.345
5807,28.102288,8.088
5808,28.106037,3.749
5809,28.110373,4.336
5810,28.1169,6.527
5811,28.120722,3.822
5812,28.125273,4.551
5813,28.134944,9.671
5814,28.140864,5.92
5815,28.145118,4.254
5816,28.148539,3.421
5817,28.153141,4.602
5818,28.156937,3.796
5819,28.166788,9.851
5820,28.170042,3.254
5821,28.173719,3.677
5822,28.179147,5.428
5823,28.186177,7.03
5824,28.192003,5.826
5825,28.19943,7.427
5826,28.203116,3.686
5827,28.207758,4.642
5828,28.212111,4.353
5829,28.219608,7.497
5830,28.225401,5.793
5831,28.22992,4.519
5832,28.237514,7.594
5833,28.248865,11.351
5834,28.257315,8.45
5835,28.263061,5.746
5836,28.272575,9.514
5837,28.282435,9.86
5838,28.293002,10.567
5839,28.298104,5.102
5840,28.306112,8.008
5841,28.310215,4.103
5842,28.315005,4.79
5843,28.32163,6.625
5844,28.326283,4.653
5845,28.332007,5.724
5846,28.337107,5.1
5847,28.343431,6.324
5848,28.350139,6.708
5849,28.358114,7.975
5850,28.362075,3.961
5851,28.366368,4.293
5852,28.376253,9.885
5853,28.382484,6.231
5854,28.386531,4.047
5855,28.391012,4.481
5856,28.395358,4.346
5857,28.403104,7.746
5858,28.408054,4.95
5859,28.413733,5.679
5860,28.41874,5.007
5861,28.423686,4.946
5862,28.428472,4.786
5863,28.436178,7.706
5864,28.444255,8.077
5865,28.45277,8.515
5866,28.458786,6.016
5867,28.464658,5.872
5868,28.468395,3.737
5869,28.473193,4.798
5870,28.475954,2.761
5871,28.479713,3.759
5872,28.486196,6.483
5873,28.491145,4.949
5874,28.49612,4.975
5875,28.500371,4.251
5876,28.503628,3.257
5877,28.509351,5.723
5878,28.513402,4.051
5879,28.518389,4.987
5880,28.521341,2.952
5881,28.525646,4.305
5882,28.532004,6.358
5883,28.538251,6.247
5884,28.541346,3.095
5885,28.546709,5.363
5886,28.551135,4.426
5887,28.554697,3.562
5888,28.55855,3.853
5889,28.566926,8.376
5890,28.571573,4.647
5891,28.574684,3.111
5892,28.578567,3.883
5893,28.585302,6.735
5894,28.591737,6.435
5895,28.597758,6.021
5896,28.601208,3.45
5897,28.605876,4.668
5898,28.609131,3.255
5899,28.612865,3.734
5900,28.617123,4.258
5901,28.624937,7.814
5902,28.628382,3.445
5903,28.632819,4.437
5904,28.636765,3.946
5905,28.642342,5.577
5906,28.64568,3.338
5907,28.648852,3.172
5908,28.653569,4.717
5909,28.657978,4.409
5910,28.663826,5.848
5911,28.667112,3.286
5912,28.674616,7.504
5913,28.678289,3.673
5914,28.684617,6.328
5915,28.688747,4.13
5916,28.693154,4.407
5917,28.698684,5.53
5918,28.702011,3.327
5919,28.7064,4.389
5920,28.715565,9.165
5921,28.719828,4.263
5922,28.723876,4.048
5923,28.730958,7.082
5924,28.735027,4.069
5925,28.738686,3.659
5926,28.74321,4.524
5927,28.750964,7.754
5928,28.754711,3.747
5929,28.758649,3.938
5930,28.763555,4.906
5931,28.766634,3.079
5932,28.772297,5.663
5933,28.778772,6.475
5934,28.783289,4.517
5935,28.788931,5.642
5936,28.792919,3.988
5937,28.797316,4.397
5938,28.800684,3.368
5939,28.804688,4.004
5940,28.817042,12.354
5941,28.821997,4.955
5942,28.82609,4.093
5943,28.832149,6.059
5944,28.83636,4.211
5945,28.839752,3.392
5946,28.847156,7.404
5947,28.851178,4.022
5948,28.854392,3.214
5949,28.858226,3.834
5950,28.868349,10.123
5951,28.871505,3.156
5952,28.874408,2.903
5953,28.882348,7.94
5954,28.886974,4.626
5955,28.889985,3.011
5956,28.899216,9.231
5957,28.903605,4.389
5958,28.906749,3.144
5959,28.914112,7.363
5960,28.917928,3.816
5961,28.922092,4.164
5962,28.92608,3.988
5963,28.932025,5.945
5964,28.9369,4.875
5965,28.94104,4.14
5966,28.944914,3.874
5967,28.950635,5.721
5968,28.95448,3.845
5969,28.958324,3.844
5970,28.967891,9.567
5971,28.974123,6.232
5972,28.976927,2.804
5973,28.982531,5.604
5974,28.98734,4.809
5975,28.990425,3.085
5976,28.994858,4.433
5977,28.999624,4.766
5978,29.002744,3.12
5979,29.006572,3.828
5980,29.015402,8.83
5981,29.020444,5.042
5982,29.024049,3.605
5983,29.029582,5.533
5984,29.034144,4.562
5985,29.03797,3.826
5986,29.041081,3.111
5987,29.050582,9.501
5988,29.053795,3.213
5989,29.057519,3.724
5990,29.063247,5.728
5991,29.068458,5.211
5992,29.074258,5.8
5993,29.078144,3.886
5994,29.084087,5.943
5995,29.087131,3.044
5996,29.090932,3.801
5997,29.097355,6.423
5998,29.102588,5.233
5999,29.106599,4.011
6000,29.111286,4.687
6001,29.118069,6.783
6002,29.121849,3.78
6003,29.125539,3.69
6004,29.134589,9.05
6005,29.137289,2.7
6006,29.14142,4.131
6007,29.151266,9.846
6008,29.154366,3.1
6009,29.158223,3.857
6010,29.164929,6.706
6011,29.168531,3.602
6012,29.173512,4.981
6013,29.177317,3.805
6014,29.185634,8.317
6015,29.188578,2.944
6016,29.192494,3.916
6017,29.197532,5.038
6018,29.20315,5.618
6019,29.206889,3.739
6020,29.211669,4.78
6021,29.214782,3.113
6022,29.221608,6.826
6023,29.225396,3.788
6024,29.234863,9.467
6025,29.238146,3.283
6026,29.242298,4.152
6027,29.247078,4.78
6028,29.251149,4.071
6029,29.255863,4.714
6030,29.260646,4.783
6031,29.26381,3.164
6032,29.269527,5.717
6033,29.274892,5.365
6034,29.279722,4.83
6035,29.283044,3.322
6036,29.286698,3.654
6037,29.291261,4.563
6038,29.296914,5.653
6039,29.300788,3.874
6040,29.304889,4.101
6041,29.309371,4.482
6042,29.315272,5.901
6043,29.321328,6.056
6044,29.327695,6.367
6045,29.330934,3.239
6046,29.334166,3.232
6047,29.338471,4.305
6048,29.346503,8.032
6049,29.350273,3.77
6050,29.354607,4.334
6051,29.359385,4.778
6052,29.364298,4.913
6053,29.368245,3.947
6054,29.372128,3.883
6055,29.379139,7.011
6056,29.382196,3.057
6057,29.386115,3.919
6058,29.390668,4.553
6059,29.396291,5.623
6060,29.400065,3.774
6061,29.406352,6.287
6062,29.410522,4.17
6063,29.417939,7.417
6064,29.421608,3.669
6065,29.428775,7.167
6066,29.431556,2.781
6067,29.4355,3.944
6068,29.439425,3.925
6069,29.445254,5.829
6070,29.44894,3.686
6071,29.45287,3.93
6072,29.460417,7.547
6073,29.465073,4.656
6074,29.46869,3.617
6075,29.472753,4.063
6076,29.477775,5.022
6077,29.48091,3.135
6078,29.484544,3.634
6079,29.488837,4.293
6080,29.49655,7.713
6081,29.502008,5.458
6082,29.505824,3.816
6083,29.512856,7.032
6084,29.515752,2.896
6085,29.519397,3.645
6086,29.523936,4.539
6087,29.53137,7.434
6088,29.535146,3.776
6089,29.539094,3.948
6090,29.543838,4.744
6091,29.54695,3.112
6092,29.554958,8.008
6093,29.562202,7.244
6094,29.566781,4.579
6095,29.570205,3.424
6096,29.573927,3.722
6097,29.578958,5.031
6098,29.58204,3.082
6099,29.585834,3.794
6100,29.590326,4.492
6101,29.597583,7.257
6102,29.601282,3.699
6103,29.605221,3.939
6104,29.609848,4.627
6105,29.616611,6.763
6106,29.620484,3.873
6107,29.625003,4.519
6108,29.628896,3.893
6109,29.634962,6.066
6110,29.639024,4.062
6111,29.646467,7.443
6112,29.64916,2.693
6113,29.653341,4.181
6114,29.657974,4.633
6115,29.663082,5.108
6116,29.667696,4.614
6117,29.671224,3.528
6118,29.675412,4.188
6119,29.679011,3.599
6120,29.682572,3.561
6121,29.687663,5.091
6122,29.691395,3.732
6123,29.695449,4.054
6124,29.699332,3.883
6125,29.704011,4.679
6126,29.707216,3.205
6127,29.713586,6.37
6128,29.718246,4.66
6129,29.72128,3.034
6130,29.725073,3.793
6131,29.732124,7.051
6132,29.736732,4.608
6133,29.739811,3.079
6134,29.747175,7.364
6135,29.7518,4.625
6136,29.754825,3.025
6137,29.758841,4.016
6138,29.763326,4.485
6139,29.767578,4.252
6140,29.770703,3.125
6141,29.778331,7.628
6142,29.782274,3.943
6143,29.786871,4.597
6144,29.789794,2.923
6145,29.798097,8.303
6146,29.802431,4.334
6147,29.805749,3.318
6148,29.80974,3.991
6149,29.81667,6.93
6150,29.821135,4.465
6151,29.824508,3.373
6152,29.832577,8.069
6153,29.835651,3.074
6154,29.839674,4.023
6155,29.843042,3.368
6156,29.846744,3.702
6157,29.85186,5.116
6158,29.856335,4.475
6159,29.862505,6.17
6160,29.867021,4.516
6161,29.871854,4.833
6162,29.874855,3.001
6163,29.878866,4.011
6164,29.882773,3.907
6165,29.887778,5.005
6166,29.890693,2.915
6167,29.895254,4.561
6168,29.899038,3.784
6169,29.903773,4.735
6170,29.90691,3.137
6171,29.913691,6.781
6172,29.917831,4.14
6173,29.922328,4.497
6174,29.925333,3.005
6175,29.929646,4.313
6176,29.934673,5.027
6177,29.939173,4.5
6178,29.947317,8.144
6179,29.951222,3.905
6180,29.954991,3.769
6181,29.962092,7.101
6182,29.964788,2.696
6183,29.967836,3.048
6184,29.971772,3.936
6185,29.979564,7.792
6186,29.982735,3.171
6187,29.986818,4.083
6188,29.990345,3.527
6189,29.999117,8.772
6190,30.001998,2.881
6191,30.005951,3.953
6192,30.010665,4.714
6193,30.016882,6.217
6194,30.020686,3.804
6195,30.024544,3.858
6196,30.032539,7.995
6197,30.035673,3.134
6198,30.039719,4.046
6199,30.043615,3.896
6200,30.048112,4.497
6201,30.053534,5.422
6202,30.057667,4.133
6203,30.065768,8.101
6204,30.068689,2.921
6205,30.07237,3.681
6206,30.076551,4.181
6207,30.081041,4.49
6208,30.084246,3.205
6209,30.088269,4.023
6210,30.092227,3.958
6211,30.097365,5.138
6212,30.100714,3.349
6213,30.104412,3.698
6214,30.113486,9.074
6215,30.11677,3.284
6216,30.120611,3.841
6217,30.124649,4.038
6218,30.132203,7.554
6219,30.135156,2.953
6220,30.13904,3.884
6221,30.145878,6.838
6222,30.150418,4.54
6223,30.15368,3.262
6224,30.157637,3.957
6225,30.166626,8.989
6226,30.171082,4.456
6227,30.175759,4.677
6228,30.181716,5.957
6229,30.188607,6.891
6230,30.192504,3.897
6231,30.197084,4.58
6232,30.20254,5.456
6233,30.208104,5.564
6234,30.21406,5.956
6235,30.22405,9.99
6236,30.234061,10.011
6237,30.237732,3.671
6238,30.242904,5.172
6239,30.247576,4.672
6240,30.253739,6.163
6241,30.257626,3.887
6242,30.264011,6.385
6243,30.270842,6.831
6244,30.28027,9.428
6245,30.287558,7.288
6246,30.291799,4.241
6247,30.296308,4.509
6248,30.302502,6.194
6249,30.309536,7.034
6250,30.317944,8.408
6251,30.323126,5.182
6252,30.330032,6.906
6253,30.33419,4.158
6254,30.337394,3.204
6255,30.341151,3.757
6256,30.34598,4.829
6257,30.349254,3.274
6258,30.354529,5.275
6259,30.358266,3.737
6260,30.363389,5.123
6261,30.367327,3.938
6262,30.372547,5.22
6263,30.37559,3.043
6264,30.379123,3.533
6265,30.383092,3.969
6266,30.38792,4.828
6267,30.394753,6.833
6268,30.398376,3.623
6269,30.402914,4.538
6270,30.409231,6.317
6271,30.412987,3.756
6272,30.415846,2.859
6273,30.419653,3.807
6274,30.423452,3.799
6275,30.431377,7.925
6276,30.434277,2.9
6277,30.438244,3.967
6278,30.442123,3.879
6279,30.446066,3.943
6280,30.453331,7.265
6281,30.457427,4.096
6282,30.46376,6.333
6283,30.468043,4.283
6284,30.471088,3.045
6285,30.475156,4.068
6286,30.478808,3.652
6287,30.483487,4.679
6288,30.489097,5.61
6289,30.492902,3.805
6290,30.496818,3.916
6291,30.501392,4.574
6292,30.50763,6.238
6293,30.511666,4.036
6294,30.516864,5.198
6295,30.519625,2.761
6296,30.525186,5.561
6297,30.528565,3.379
6298,30.533247,4.682
6299,30.536455,3.208
6300,30.540163,3.708
6301,30.547499,7.336
6302,30.552017,4.518
6303,30.557564,5.547
6304,30.561589,4.025
6305,30.567478,5.889
6306,30.570827,3.349
6307,30.575294,4.467
6308,30.578439,3.145
6309,30.582998,4.559
6310,30.586103,3.105
6311,30.594581,8.478
6312,30.598388,3.807
6313,30.603058,4.67
6314,30.60622,3.162
6315,30.60995,3.73
6316,30.617003,7.053
6317,30.620463,3.46
6318,30.624538,4.075
6319,30.631551,7.013
6320,30.635954,4.403
6321,30.638981,3.027
6322,30.642879,3.898
6323,30.646696,3.817
6324,30.653991,7.295
6325,30.657328,3.337
6326,30.665558,8.23
6327,30.670127,4.569
6328,30.673334,3.207
6329,30.677061,3.727
6330,30.68097,3.909
6331,30.685362,4.392
6332,30.688806,3.444
6333,30.695097,6.291
6334,30.698828,3.731
6335,30.707056,8.228
6336,30.710222,3.166
6337,30.715635,5.413
6338,30.720452,4.817
6339,30.724583,4.131
6340,30.728781,4.198
6341,30.732039,3.258
6342,30.736792,4.753
6343,30.740441,3.649
6344,30.744252,3.811
6345,30.751118,6.866
6346,30.754252,3.134
6347,30.760597,6.345
6348,30.763996,3.399
6349,30.768923,4.927
6350,30.772102,3.179
6351,30.780767,8.665
6352,30.785232,4.465
6353,30.788458,3.226
6354,30.794691,6.233
6355,30.798014,3.323
6356,30.802613,4.599
6357,30.805339,2.726
6358,30.814768,9.429
6359,30.81958,4.812
6360,30.822517,2.937
6361,30.826316,3.799
6362,30.832332,6.016
6363,30.836684,4.352
6364,30.840479,3.795
6365,30.843999,3.52
6366,30.848358,4.359
6367,30.8543,5.942
6368,30.858081,3.781
6369,30.867827,9.746
6370,30.872923,5.096
6371,30.876715,3.792
6372,30.881103,4.388
6373,30.885327,4.224
6374,30.888902,3.575
6375,30.892593,3.691
6376,30.897234,4.641
6377,30.900219,2.985
6378,30.904143,3.924
6379,30.912254,8.111
6380,30.915334,3.08
6381,30.919417,4.083
6382,30.923162,3.745
6383,30.931059,7.897
6384,30.933902,2.843
6385,30.937947,4.045
6386,30.943591,5.644
6387,30.948637,5.046
6388,30.952557,3.92
6389,30.956434,3.877
6390,30.964813,8.379
6391,30.96761,2.797
6392,30.971331,3.721
6393,30.976357,5.026
6394,30.982851,6.494
6395,30.986571,3.72
6396,30.990399,3.828
6397,30.998621,8.222
6398,31.001427,2.806
6399,31.005227,3.8
6400,31.010348,5.121
6401,31.017021,6.673
6402,31.020869,3.848
6403,31.025464,4.595
6404,31.032287,6.823
6405,31.036009,3.722
6406,31.039693,3.684
6407,31.049987,10.294
6408,31.052736,2.749
6409,31.056713,3.977
6410,31.061486,4.773
6411,31.066747,5.261
6412,31.070346,3.599
6413,31.075215,4.869
6414,31.081493,6.278
6415,31.084783,3.29
6416,31.088288,3.505
6417,31.09276,4.472
6418,31.100715,7.955
6419,31.104477,3.762
6420,31.10933,4.853
6421,31.112483,3.153
6422,31.116301,3.818
6423,31.120376,4.075
6424,31.127439,7.063
6425,31.130477,3.038
6426,31.134586,4.109
6427,31.141974,7.388
6428,31.145664,3.69
6429,31.149847,4.183
6430,31.153837,3.99
6431,31.158567,4.73
6432,31.162475,3.908
6433,31.166073,3.598
6434,31.170858,4.785
6435,31.179437,8.579
6436,31.183124,3.687
6437,31.187162,4.038
6438,31.191657,4.495
6439,31.196426,4.769
6440,31.199865,3.439
6441,31.204414,4.549
6442,31.213632,9.218
6443,31.217407,3.775
6444,31.221935,4.528
6445,31.228155,6.22
6446,31.232065,3.91
6447,31.235504,3.439
6448,31.239892,4.388
6449,31.24868,8.788
6450,31.251755,3.075
6451,31.255771,4.016
6452,31.260597,4.826
6453,31.263734,3.137
6454,31.267542,3.808
6455,31.272193,4.651
6456,31.277703,5.51
6457,31.281508,3.805
6458,31.28561,4.102
6459,31.29013,4.52
6460,31.296179,6.049
6461,31.300029,3.85
6462,31.305167,5.138
6463,31.30806,2.893
6464,31.314857,6.797
6465,31.318589,3.732
6466,31.32379,5.201
6467,31.329865,6.075
6468,31.333798,3.933
6469,31.338494,4.696
6470,31.34218,3.686
6471,31.347522,5.342
6472,31.350583,3.061
6473,31.355376,4.793
6474,31.361501,6.125
6475,31.365173,3.672
6476,31.37012,4.947
6477,31.372977,2.857
6478,31.380915,7.938
6479,31.384581,3.666
6480,31.38927,4.689
6481,31.392457,3.187
6482,31.399339,6.882
6483,31.403802,4.463
6484,31.407071,3.269
6485,31.41455,7.479
6486,31.418176,3.626
6487,31.422926,4.75
6488,31.426145,3.219
6489,31.429883,3.738
6490,31.437226,7.343
6491,31.440158,2.932
6492,31.447351,7.193
6493,31.451251,3.9
6494,31.456464,5.213
6495,31.459876,3.412
6496,31.463128,3.252
6497,31.467863,4.735
6498,31.471866,4.003
6499,31.475787,3.921
6500,31.479753,3.966
6501,31.48441,4.657
6502,31.487765,3.355
6503,31.494137,6.372
6504,31.500767,6.63
6505,31.505034,4.267
6506,31.509205,4.171
6507,31.512884,3.679
6508,31.517717,4.833
6509,31.521353,3.636
6510,31.528583,7.23
6511,31.532498,3.915
6512,31.537005,4.507
6513,31.542323,5.318
6514,31.545765,3.442
6515,31.552231,6.466
6516,31.55528,3.049
6517,31.560679,5.399
6518,31.564441,3.762
6519,31.568945,4.504
6520,31.572115,3.17
6521,31.578438,6.323
6522,31.582297,3.859
6523,31.587063,4.766
6524,31.590172,3.109
6525,31.597897,7.725
6526,31.604412,6.515
6527,31.607472,3.06
6528,31.613037,5.565
6529,31.616858,3.821
6530,31.623428,6.57
6531,31.626914,3.486
6532,31.631624,4.71
6533,31.635457,3.833
6534,31.639929,4.472
6535,31.647819,7.89
6536,31.65361,5.791
6537,31.66307,9.46
6538,31.666003,2.933
6539,31.669569,3.566
6540,31.675394,5.825
6541,31.680015,4.621
6542,31.685131,5.116
6543,31.690156,5.025
6544,31.696244,6.088
6545,31.699476,3.232
6546,31.705151,5.675
6547,31.709109,3.958
6548,31.715699,6.59
6549,31.718767,3.068
6550,31.724888,6.121
6551,31.729015,4.127
6552,31.734002,4.987
6553,31.737879,3.877
6554,31.743528,5.649
6555,31.747591,4.063
6556,31.753003,5.412
6557,31.7585,5.497
6558,31.764626,6.126
6559,31.767879,3.253
6560,31.77177,3.891
6561,31.775637,3.867
6562,31.78241,6.773
6563,31.785493,3.083
6564,31.790808,5.315
6565,31.795918,5.11
6566,31.800544,4.626
6567,31.804722,4.178
6568,31.80955,4.828
6569,31.813983,4.433
6570,31.819414,5.431
6571,31.823123,3.709
6572,31.831757,8.634
6573,31.834861,3.104
6574,31.840661,5.8
6575,31.844639,3.978
6576,31.850945,6.306
6577,31.854312,3.367
6578,31.859222,4.91
6579,31.864089,4.867
6580,31.868273,4.184
6581,31.873077,4.804
6582,31.878957,5.88
6583,31.883535,4.578
6584,31.88914,5.605
6585,31.893491,4.351
6586,31.897402,3.911
6587,31.900683,3.281
6588,31.904714,4.031
6589,31.912306,7.592
6590,31.918794,6.488
6591,31.922101,3.307
6592,31.928103,6.002
6593,31.932272,4.169
6594,31.942103,9.831
6595,31.945095,2.992
6596,31.950394,5.299
6597,31.953363,2.969
6598,31.960261,6.898
6599,31.964164,3.903
6600,31.96988,5.716
6601,31.972919,3.039
6602,31.978926,6.007
6603,31.983535,4.609
6604,31.988745,5.21
6605,31.993128,4.383
6606,32.001361,8.233
6607,32.00453,3.169
6608,32.010313,5.783
6609,32.014306,3.993
6610,32.020841,6.535
6611,32.024202,3.361
6612,32.030093,5.891
6613,32.035021,4.928
6614,32.039757,4.736
6615,32.045305,5.548
6616,32.053509,8.204
6617,32.057137,3.628
6618,32.062419,5.282
6619,32.066988,4.569
6620,32.0705379999999,3.55
6621,32.0748279999999,4.29
6622,32.0793869999999,4.559
6623,32.0828099999999,3.423
6624,32.0868289999999,4.019
6625,32.0951259999999,8.297
6626,32.0982439999999,3.118
6627,32.1023639999999,4.12
6628,32.1064639999999,4.1
6629,32.1148859999999,8.422
6630,32.1180979999999,3.212
6631,32.1221239999999,4.026
6632,32.127335,5.211
6633,32.1326859999999,5.351
6634,32.138455,5.769
6635,32.1440089999999,5.554
6636,32.1502849999999,6.276
6637,32.1542139999999,3.929
6638,32.1609239999999,6.71
6639,32.1638349999999,2.911
6640,32.1677439999999,3.909
6641,32.1717959999999,4.052
6642,32.1808539999999,9.058
6643,32.1838859999999,3.032
6644,32.1881229999999,4.237
6645,32.1943339999999,6.211
6646,32.2005479999999,6.214
6647,32.2044549999999,3.907
6648,32.2123589999999,7.904
6649,32.21511,2.751
6650,32.220325,5.215
6651,32.225087,4.762
6652,32.2286229999999,3.536
6653,32.2342779999999,5.655
6654,32.2391489999999,4.871
6655,32.2440859999999,4.937
6656,32.2490319999999,4.946
6657,32.2531739999999,4.142
6658,32.2581309999999,4.957
6659,32.2614499999999,3.319
6660,32.2655119999999,4.062
6661,32.2728459999999,7.334
6662,32.2770819999999,4.236
6663,32.2806159999999,3.534
6664,32.2860859999999,5.47
6665,32.2905819999999,4.496
6666,32.2941139999999,3.532
6667,32.2980639999999,3.95
6668,32.3027279999999,4.664
6669,32.3101279999999,7.4
6670,32.3133959999999,3.268
6671,32.3189419999999,5.546
6672,32.3228849999999,3.943
6673,32.3285999999999,5.715
6674,32.3355149999999,6.915
6675,32.3406789999999,5.164
6676,32.3443549999999,3.676
6677,32.3478709999999,3.516
6678,32.3577059999999,9.835
6679,32.3608869999999,3.181
6680,32.3641369999999,3.25
6681,32.3690199999999,4.883
6682,32.3728439999999,3.824
6683,32.3776309999999,4.787
6684,32.3808839999999,3.253
6685,32.3860199999999,5.136
6686,32.3891259999999,3.106
6687,32.393169,4.043
6688,32.398049,4.88
6689,32.4031889999999,5.14
6690,32.4067859999999,3.597
6691,32.4156989999999,8.913
6692,32.4204239999999,4.725
6693,32.4237029999999,3.279
6694,32.4278449999999,4.142
6695,32.431998,4.153
6696,32.437437,5.439
6697,32.445859,8.422
6698,32.450265,4.406
6699,32.454267,4.002
6700,32.459384,5.117
6701,32.462569,3.185
6702,32.466597,4.028
6703,32.472449,5.852
6704,32.476648,4.199
6705,32.480129,3.481
6706,32.484046,3.917
6707,32.489084,5.038
6708,32.492897,3.813
6709,32.496963,4.066
6710,32.501264,4.301
6711,32.506035,4.771
6712,32.514058,8.023
6713,32.51809,4.032
6714,32.522968,4.878
6715,32.528546,5.578
6716,32.532771,4.225
6717,32.536723,3.952
6718,32.544912,8.189
6719,32.54816,3.248
6720,32.552376,4.216
6721,32.556294,3.918
6722,32.5639299999999,7.636
6723,32.5673389999999,3.409
6724,32.5710689999999,3.73
6725,32.5806129999999,9.544
6726,32.5837299999999,3.117
6727,32.5878429999999,4.113
6728,32.5920299999999,4.187
6729,32.5981479999999,6.118
6730,32.6015599999999,3.412
6731,32.6054389999999,3.879
6732,32.6148759999999,9.437
6733,32.6183619999999,3.486
6734,32.6222709999999,3.909
6735,32.6286749999999,6.404
6736,32.6334329999999,4.758
6737,32.6382369999999,4.804
6738,32.6438769999999,5.64
6739,32.6491389999999,5.262
6740,32.652417,3.278
6741,32.656613,4.196
6742,32.66319,6.577
6743,32.6680319999999,4.842
6744,32.6719759999999,3.944
6745,32.6797679999999,7.792
6746,32.6844429999999,4.675
6747,32.6877699999999,3.327
6748,32.6917679999999,3.998
6749,32.7001209999999,8.353
6750,32.7037009999999,3.58
6751,32.7074629999999,3.762
6752,32.7151509999999,7.688
6753,32.719909,4.758
6754,32.7233999999999,3.491
6755,32.7275449999999,4.145
6756,32.7322789999999,4.734
6757,32.7382879999999,6.009
6758,32.745646,7.358
6759,32.751213,5.567
6760,32.7554779999999,4.265
6761,32.7590129999999,3.535
6762,32.7627119999999,3.699
6763,32.7676739999999,4.962
6764,32.7712459999999,3.572
6765,32.7762139999999,4.968
6766,32.7809249999999,4.711
6767,32.7843259999999,3.401
6768,32.7887689999999,4.443
6769,32.7966749999999,7.906
6770,32.8000499999999,3.375
6771,32.8040519999999,4.002
6772,32.8108669999999,6.815
6773,32.8155989999999,4.732
6774,32.8190969999999,3.498
6775,32.8233199999999,4.223
6776,32.8280999999999,4.78
6777,32.8323859999999,4.286
6778,32.8363589999999,3.973
6779,32.8455659999999,9.207
6780,32.8486299999999,3.064
6781,32.8529299999999,4.3
6782,32.8570819999999,4.152
6783,32.8626469999999,5.565
6784,32.8662869999999,3.64
6785,32.8702619999999,3.975
6786,32.8767169999999,6.455
6787,32.8821329999999,5.416
6788,32.8862429999999,4.11
6789,32.8903439999999,4.101
6790,32.8981869999999,7.843
6791,32.9016299999999,3.443
6792,32.9056759999999,4.046
6793,32.9110929999999,5.417
6794,32.9165219999999,5.429
6795,32.9214029999999,4.881
6796,32.9262999999999,4.897
6797,32.9297109999999,3.411
6798,32.9332299999999,3.519
6799,32.9372779999999,4.048
6800,32.9480789999999,10.801
6801,32.9524889999999,4.41
6802,32.9567979999999,4.309
6803,32.9613049999999,4.507
6804,32.9640539999999,2.749
6805,32.9687499999999,4.696
6806,32.9724449999999,3.695
6807,32.9775789999999,5.134
6808,32.9809879999999,3.409
6809,32.9846749999999,3.687
6810,32.9946449999999,9.97
6811,32.9975839999999,2.939
6812,33.0013029999999,3.719
6813,33.0054489999999,4.146
6814,33.0103469999999,4.898
6815,33.0154059999999,5.059
6816,33.0187659999999,3.36
6817,33.0238709999999,5.105
6818,33.0273269999999,3.456
6819,33.0317549999999,4.428
6820,33.0355279999999,3.773
6821,33.0422109999999,6.683
6822,33.0477259999999,5.515
6823,33.0537269999999,6.001
6824,33.0590029999999,5.276
6825,33.0629719999999,3.969
6826,33.0671089999999,4.137
6827,33.0709529999999,3.844
6828,33.0765659999999,5.613
6829,33.0816069999999,5.041
6830,33.0856569999999,4.05
6831,33.0902399999999,4.583
6832,33.0976199999999,7.38
6833,33.1012559999999,3.636
6834,33.1052519999999,3.996
6835,33.1126989999999,7.447
6836,33.1166959999999,3.997
6837,33.1208259999999,4.13
6838,33.1261309999999,5.305
6839,33.1294309999999,3.3
6840,33.1339639999999,4.533
6841,33.1377599999999,3.796
6842,33.1477369999999,9.977
6843,33.1520379999999,4.301
6844,33.1562999999999,4.262
6845,33.1612999999999,5.0
6846,33.1641309999999,2.831
6847,33.1679059999999,3.775
6848,33.1718699999999,3.964
6849,33.1765169999999,4.647
6850,33.1798309999999,3.314
6851,33.1838739999999,4.043
6852,33.1917269999999,7.853
6853,33.1948739999999,3.147
6854,33.1989409999999,4.067
6855,33.2031849999999,4.244
6856,33.2077059999999,4.521
6857,33.2129209999999,5.215
6858,33.2170219999999,4.101
6859,33.2216409999999,4.619
6860,33.2288549999999,7.214
6861,33.2327149999999,3.86
6862,33.2366219999999,3.907
6863,33.2418589999999,5.237
6864,33.2474639999999,5.605
6865,33.2515659999999,4.102
6866,33.2584019999999,6.836
6867,33.2629479999999,4.546
6868,33.2655939999999,2.646
6869,33.2690439999999,3.45
6870,33.2738209999999,4.777
6871,33.2773289999999,3.508
6872,33.2814179999999,4.089
6873,33.2860619999999,4.644
6874,33.2946879999999,8.626
6875,33.2985739999999,3.886
6876,33.3027969999999,4.223
6877,33.3079699999999,5.173
6878,33.3117449999999,3.775
6879,33.3156419999999,3.897
6880,33.3205419999999,4.9
6881,33.3238639999999,3.322
6882,33.3279339999999,4.07
6883,33.3320519999999,4.118
6884,33.3369559999999,4.904
6885,33.3462719999999,9.316
6886,33.3503499999999,4.078
6887,33.3553609999999,5.011
6888,33.3601089999999,4.748
6889,33.3648039999999,4.695
6890,33.3686539999999,3.85
6891,33.3727319999999,4.078
6892,33.3761939999999,3.462
6893,33.3801209999999,3.927
6894,33.3849369999999,4.816
6895,33.3903729999999,5.436
6896,33.3941959999999,3.823
6897,33.3983069999999,4.111
6898,33.4028409999999,4.534
6899,33.4082909999999,5.45
6900,33.4122019999999,3.911
6901,33.4173419999999,5.14
6902,33.4205269999999,3.185
6903,33.4242789999999,3.752
6904,33.4300569999999,5.778
6905,33.4348339999999,4.777
6906,33.4381489999999,3.315
6907,33.4463019999999,8.153
6908,33.4509869999999,4.685
6909,33.4545619999999,3.575
6910,33.4605029999999,5.941
6911,33.4660359999999,5.533
6912,33.4697149999999,3.679
6913,33.4728919999999,3.177
6914,33.4764749999999,3.583
6915,33.4806749999999,4.2
6916,33.4852719999999,4.597
6917,33.4937439999999,8.472
6918,33.4978369999999,4.093
6919,33.5027479999999,4.911
6920,33.5060469999999,3.299
6921,33.5098939999999,3.847
6922,33.5158439999999,5.95
6923,33.5203389999999,4.495
6924,33.5286269999999,8.288
6925,33.5325229999999,3.896
6926,33.5365939999999,4.071
6927,33.5415409999999,4.947
6928,33.5453059999999,3.765
6929,33.5504799999999,5.174
6930,33.5552729999999,4.793
6931,33.5589149999999,3.642
6932,33.5650639999999,6.149
6933,33.5689909999999,3.927
6934,33.5742849999999,5.294
6935,33.5789779999999,4.693
6936,33.5818849999999,2.907
6937,33.5852049999999,3.32
6938,33.5902289999999,5.024
6939,33.5942599999999,4.031
6940,33.5975319999999,3.272
6941,33.6021929999999,4.661
6942,33.6080449999999,5.852
6943,33.6119729999999,3.928
6944,33.6161229999999,4.15
6945,33.6209359999999,4.813
6946,33.6243079999999,3.372
6947,33.6289059999999,4.598
6948,33.6330549999999,4.149
6949,33.6379249999999,4.87
6950,33.6448899999999,6.965
6951,33.6486669999999,3.777
6952,33.6536359999999,4.969
6953,33.6567759999999,3.14
6954,33.6635949999999,6.819
6955,33.6677209999999,4.126
6956,33.6738109999999,6.09
6957,33.6785769999999,4.766
6958,33.6818199999999,3.243
6959,33.6852819999999,3.462
6960,33.6903999999999,5.118
6961,33.6944809999999,4.081
6962,33.6979279999999,3.447
6963,33.7027169999999,4.789
6964,33.7110329999999,8.316
6965,33.7152619999999,4.229
6966,33.7191209999999,3.859
6967,33.7243779999999,5.257
6968,33.7281349999999,3.757
6969,33.7319929999999,3.858
6970,33.7360299999999,4.037
6971,33.7409799999999,4.95
6972,33.7442339999999,3.254
6973,33.7483679999999,4.134
6974,33.7533309999999,4.963
6975,33.7624859999999,9.155
6976,33.7666509999999,4.165
6977,33.7706829999999,4.032
6978,33.7764969999999,5.814
6979,33.7803059999999,3.809
6980,33.7836509999999,3.345
6981,33.7876109999999,3.96
6982,33.7923519999999,4.741
6983,33.7959269999999,3.575
6984,33.7999629999999,4.036
6985,33.8046789999999,4.716
6986,33.8084029999999,3.724
6987,33.8124159999999,4.013
6988,33.8168949999999,4.479
6989,33.8213169999999,4.422
6990,33.8279379999999,6.621
6991,33.8319249999999,3.987
6992,33.8362049999999,4.28
6993,33.8430499999999,6.845
6994,33.8468169999999,3.767
6995,33.8508219999999,4.005
6996,33.8556609999999,4.839
6997,33.8591929999999,3.532
6998,33.8632899999999,4.097
6999,33.8676719999999,4.382
7000,33.8792149999999,11.543
7001,33.8823489999999,3.134
7002,33.8864159999999,4.067
7003,33.8907679999999,4.352
7004,33.8969479999999,6.18
7005,33.9004129999999,3.465
7006,33.9051239999999,4.711
7007,33.9093049999999,4.181
7008,33.9127239999999,3.419
7009,33.9182459999999,5.522
7010,33.9219409999999,3.695
7011,33.9287329999999,6.792
7012,33.9342969999999,5.564
7013,33.9384049999999,4.108
7014,33.9446739999999,6.269
7015,33.9484359999999,3.762
7016,33.9519649999999,3.529
7017,33.9558729999999,3.908
7018,33.9608759999999,5.003
7019,33.9640289999999,3.153
7020,33.9681079999999,4.079
7021,33.9726009999999,4.493
7022,33.9772829999999,4.682
7023,33.9808359999999,3.553
7024,33.9848489999999,4.013
7025,33.9931069999999,8.258
7026,33.9961309999999,3.024
7027,34.0003249999999,4.194
7028,34.0044899999999,4.165
7029,34.0118269999999,7.337
7030,34.0152209999999,3.394
7031,34.0192859999999,4.065
7032,34.0232319999999,3.946
7033,34.0284049999999,5.173
7034,34.0320779999999,3.673
7035,34.0360609999999,3.983
7036,34.0438599999999,7.799
7037,34.0485789999999,4.719
7038,34.0515019999999,2.923
7039,34.0551129999999,3.611
7040,34.0600239999999,4.911
7041,34.0634789999999,3.455
7042,34.0674519999999,3.973
7043,34.0754009999999,7.949
7044,34.0806029999999,5.202
7045,34.0846109999999,4.008
7046,34.0888939999999,4.283
7047,34.0935649999999,4.671
7048,34.0969799999999,3.415
7049,34.1013959999999,4.416
7050,34.1120529999999,10.657
7051,34.1153309999999,3.278
7052,34.1197249999999,4.394
7053,34.1245729999999,4.848
7054,34.1284709999999,3.898
7055,34.1333499999999,4.879
7056,34.1374039999999,4.054
7057,34.1455839999999,8.18
7058,34.1487219999999,3.138
7059,34.1532489999999,4.527
7060,34.1577569999999,4.508
7061,34.1621529999999,4.396
7062,34.1653779999999,3.225
7063,34.1695729999999,4.195
7064,34.1758839999999,6.311
7065,34.1788779999999,2.994
7066,34.1831529999999,4.275
7067,34.1870449999999,3.892
7068,34.1926609999999,5.616
7069,34.1964139999999,3.753
7070,34.2007069999999,4.293
7071,34.2046599999999,3.953
7072,34.2134619999999,8.802
7073,34.2168199999999,3.358
7074,34.2208769999999,4.057
7075,34.2279829999999,7.106
7076,34.2313869999999,3.404
7077,34.2356209999999,4.234
7078,34.2397589999999,4.138
7079,34.2445439999999,4.785
7080,34.2490489999999,4.505
7081,34.2531829999999,4.134
7082,34.2612859999999,8.103
7083,34.2646719999999,3.386
7084,34.2686569999999,3.985
7085,34.2729309999999,4.274
7086,34.2780349999999,5.104
7087,34.2813689999999,3.334
7088,34.2853419999999,3.973
7089,34.2951629999999,9.821
7090,34.2986809999999,3.518
7091,34.3027229999999,4.042
7092,34.3068779999999,4.155
7093,34.3124449999999,5.567
7094,34.3157609999999,3.316
7095,34.3196079999999,3.847
7096,34.3236659999999,4.058
7097,34.3283259999999,4.66
7098,34.3317419999999,3.416
7099,34.3360559999999,4.314
7100,34.3467939999999,10.738
7101,34.3499019999999,3.108
7102,34.3540349999999,4.133
7103,34.3589819999999,4.947
7104,34.3639129999999,4.931
7105,34.3674159999999,3.503
7106,34.3708639999999,3.448
7107,34.3757769999999,4.913
7108,34.3792689999999,3.492
7109,34.3834929999999,4.224
7110,34.3875309999999,4.038
7111,34.3922819999999,4.751
7112,34.3956449999999,3.363
7113,34.3998559999999,4.211
7114,34.4040419999999,4.186
7115,34.4098149999999,5.773
7116,34.4137239999999,3.909
7117,34.4174049999999,3.681
7118,34.4222199999999,4.815
7119,34.4280659999999,5.846
7120,34.4321259999999,4.06
7121,34.4361349999999,4.009
7122,34.4437589999999,7.624
7123,34.4471589999999,3.4
7124,34.4511919999999,4.033
7125,34.4555259999999,4.334
7126,34.4606499999999,5.124
7127,34.4649829999999,4.333
7128,34.4688779999999,3.895
7129,34.4766499999999,7.772
7130,34.4799959999999,3.346
7131,34.4844199999999,4.424
7132,34.4882639999999,3.844
7133,34.4931129999999,4.849
7134,34.4965009999999,3.388
7135,34.5008909999999,4.39
7136,34.5051059999999,4.215
7137,34.5099809999999,4.875
7138,34.5134739999999,3.493
7139,34.5179579999999,4.484
7140,34.5250759999999,7.118
7141,34.5282149999999,3.139
7142,34.5325519999999,4.337
7143,34.5366379999999,4.086
7144,34.5440959999999,7.458
7145,34.5475529999999,3.457
7146,34.5515629999999,4.01
7147,34.5558899999999,4.327
7148,34.5614089999999,5.519
7149,34.5641979999999,2.789
7150,34.5683729999999,4.175
7151,34.5731269999999,4.754
7152,34.5787219999999,5.595
7153,34.5828379999999,4.116
7154,34.5871779999999,4.34
7155,34.5945449999999,7.367
7156,34.5978479999999,3.303
7157,34.6021509999999,4.303
7158,34.6060869999999,3.936
7159,34.6134649999999,7.378
7160,34.6168219999999,3.357
7161,34.6215169999999,4.695
7162,34.6284699999999,6.953
7163,34.6316979999999,3.228
7164,34.6357409999999,4.043
7165,34.6400849999999,4.344
7166,34.6450189999999,4.934
7167,34.6498399999999,4.821
7168,34.6538569999999,4.017
7169,34.6647439999999,10.887
7170,34.6686209999999,3.877
7171,34.6719229999999,3.302
7172,34.6762029999999,4.28
7173,34.6810729999999,4.87
7174,34.6846359999999,3.563
7175,34.6895059999999,4.87
7176,34.6942479999999,4.742
7177,34.6975829999999,3.335
7178,34.7015669999999,3.984
7179,34.7078099999999,6.243
7180,34.7123519999999,4.542
7181,34.7157699999999,3.418
7182,34.7198929999999,4.123
7183,34.7252569999999,5.364
7184,34.7286579999999,3.401
7185,34.7327719999999,4.114
7186,34.7371329999999,4.361
7187,34.7454379999999,8.305
7188,34.7488749999999,3.437
7189,34.7529389999999,4.064
7190,34.7572929999999,4.354
7191,34.7621029999999,4.81
7192,34.7655879999999,3.485
7193,34.7697689999999,4.181
7194,34.7784719999999,8.703
7195,34.7819329999999,3.461
7196,34.7861059999999,4.173
7197,34.7903289999999,4.223
7198,34.7954279999999,5.099
7199,34.7987679999999,3.34
7200,34.8029019999999,4.134
7201,34.8094919999999,6.59
7202,34.8157459999999,6.254
7203,34.8198689999999,4.123
7204,34.8242909999999,4.422
7205,34.8285079999999,4.217
7206,34.8321649999999,3.657
7207,34.8363049999999,4.14
7208,34.8446389999999,8.334
7209,34.8502029999999,5.564
7210,34.8542659999999,4.063
7211,34.8583729999999,4.107
7212,34.8629679999999,4.595
7213,34.8668519999999,3.884
7214,34.8747879999999,7.936
7215,34.8792669999999,4.479
7216,34.8823399999999,3.073
7217,34.8860989999999,3.759
7218,34.8904669999999,4.368
7219,34.8951249999999,4.658
7220,34.9003179999999,5.193
7221,34.9068909999999,6.573
7222,34.9114499999999,4.559
7223,34.9150649999999,3.615
7224,34.9189399999999,3.875
7225,34.9256039999999,6.664
7226,34.9301859999999,4.582
7227,34.9336379999999,3.452
7228,34.9381289999999,4.491
7229,34.9453739999999,7.245
7230,34.9505609999999,5.187
7231,34.9563259999999,5.765
7232,34.9604199999999,4.094
7233,34.9652939999999,4.874
7234,34.9687739999999,3.48
7235,34.9758919999999,7.118
7236,34.9806829999999,4.791
7237,34.9840479999999,3.365
7238,34.9880029999999,3.955
7239,34.9945229999999,6.52
7240,35.0012779999999,6.755
7241,35.0043149999999,3.037
7242,35.0102679999999,5.953
7243,35.0151779999999,4.91
7244,35.0185289999999,3.351
7245,35.0246569999999,6.128
7246,35.0294549999999,4.798
7247,35.0346939999999,5.239
7248,35.0388669999999,4.173
7249,35.0449809999999,6.114
7250,35.0513619999999,6.381
7251,35.0547729999999,3.411
7252,35.0590679999999,4.295
7253,35.0632639999999,4.196
7254,35.0706669999999,7.403
7255,35.0753259999999,4.659
7256,35.0791639999999,3.838
7257,35.0843259999999,5.162
7258,35.0884669999999,4.141
7259,35.0926259999999,4.159
7260,35.0986809999999,6.055
7261,35.1054809999999,6.8
7262,35.1091879999999,3.707
7263,35.1132249999999,4.037
7264,35.1180609999999,4.836
7265,35.1229649999999,4.904
7266,35.1263429999999,3.378
7267,35.1309319999999,4.589
7268,35.1365299999999,5.598
7269,35.1426369999999,6.107
7270,35.1484909999999,5.854
7271,35.1533859999999,4.895
7272,35.1576319999999,4.246
7273,35.1611429999999,3.511
7274,35.1657019999999,4.559
7275,35.1708379999999,5.136
7276,35.1771799999999,6.342
7277,35.1806769999999,3.497
7278,35.1856739999999,4.997
7279,35.1888019999999,3.128
7280,35.1957689999999,6.967
7281,35.2005889999999,4.82
7282,35.2038709999999,3.282
7283,35.2094849999999,5.614
7284,35.2157069999999,6.222
7285,35.2222459999999,6.539
7286,35.2255509999999,3.305
7287,35.2307039999999,5.153
7288,35.2355949999999,4.891
7289,35.2386899999999,3.095
7290,35.2467239999999,8.034
7291,35.2517829999999,5.059
7292,35.2549979999999,3.215
7293,35.2591919999999,4.194
7294,35.2633629999999,4.171
7295,35.2690879999999,5.725
7296,35.2754179999999,6.33
7297,35.2788449999999,3.427
7298,35.2838899999999,5.045
7299,35.2871979999999,3.308
7300,35.2913559999999,4.158
7301,35.2961039999999,4.748
7302,35.2994719999999,3.368
7303,35.3036849999999,4.213
7304,35.3084799999999,4.795
7305,35.3131169999999,4.637
7306,35.3166289999999,3.512
7307,35.3237899999999,7.161
7308,35.3310689999999,7.279
7309,35.3370879999999,6.019
7310,35.3469309999999,9.843
7311,35.3538079999999,6.877
7312,35.3594589999999,5.651
7313,35.3628119999999,3.353
7314,35.3674239999999,4.612
7315,35.3716439999999,4.22
7316,35.3761429999999,4.499
7317,35.3856269999999,9.484
7318,35.3898569999999,4.23
7319,35.3936319999999,3.775
7320,35.4014739999999,7.842
7321,35.4073039999999,5.83
7322,35.4115289999999,4.225
7323,35.4197849999999,8.256
7324,35.4229309999999,3.146
7325,35.4268509999999,3.92
7326,35.4323729999999,5.522
7327,35.4354319999999,3.059
7328,35.4395919999999,4.16
7329,35.4443599999999,4.768
7330,35.4497569999999,5.397
7331,35.4543469999999,4.59
7332,35.4589399999999,4.593
7333,35.4623109999999,3.371
7334,35.4665689999999,4.258
7335,35.4723119999999,5.743
7336,35.4773809999999,5.069
7337,35.4808159999999,3.435
7338,35.4864719999999,5.656
7339,35.4915189999999,5.047
7340,35.4965359999999,5.017
7341,35.5007319999999,4.196
7342,35.5055529999999,4.821
7343,35.5090509999999,3.498
7344,35.5132299999999,4.179
7345,35.5172869999999,4.057
7346,35.5244019999999,7.115
7347,35.5277579999999,3.356
7348,35.5319719999999,4.214
7349,35.5368999999999,4.928
7350,35.5442119999999,7.312
7351,35.5481669999999,3.955
7352,35.5581669999999,10.0
7353,35.5610769999999,2.91
7354,35.5647289999999,3.652
7355,35.5689139999999,4.185
7356,35.5739309999999,5.017
7357,35.5775189999999,3.588
7358,35.5815349999999,4.016
7359,35.5865909999999,5.056
7360,35.5900539999999,3.463
7361,35.5941769999999,4.123
7362,35.5983919999999,4.215
7363,35.6036539999999,5.262
7364,35.608584,4.93
7365,35.612692,4.108
7366,35.617585,4.893
7367,35.621026,3.441
7368,35.626802,5.776
7369,35.631166,4.364
7370,35.636153,4.987
7371,35.642852,6.699
7372,35.647046,4.194
7373,35.652248,5.202
7374,35.6571709999999,4.923
7375,35.6611019999999,3.931
7376,35.664917,3.815
7377,35.6695899999999,4.673
7378,35.6743329999999,4.743
7379,35.6783749999999,4.042
7380,35.6825779999999,4.203
7381,35.6873879999999,4.81
7382,35.6914399999999,4.052
7383,35.6962359999999,4.796
7384,35.7008259999999,4.59
7385,35.7054429999999,4.617
7386,35.7123489999999,6.906
7387,35.7164679999999,4.119
7388,35.7214639999999,4.996
7389,35.724705,3.241
7390,35.729148,4.443
7391,35.733233,4.085
7392,35.74172,8.487
7393,35.74568,3.96
7394,35.750442,4.762
7395,35.755086,4.644
7396,35.758471,3.385
7397,35.762309,3.838
7398,35.766262,3.953
7399,35.771049,4.787
7400,35.774457,3.408
7401,35.778419,3.962
7402,35.782748,4.329
7403,35.787631,4.883
7404,35.791245,3.614
7405,35.795515,4.27
7406,35.800084,4.569
7407,35.807045,6.961
7408,35.8108709999999,3.826
7409,35.815145,4.274
7410,35.819794,4.649
7411,35.825923,6.129
7412,35.830017,4.094
7413,35.834127,4.11
7414,35.838874,4.747
7415,35.844622,5.748
7416,35.8487149999999,4.093
7417,35.853619,4.904
7418,35.856922,3.303
7419,35.861035,4.113
7420,35.8651279999999,4.093
7421,35.871499,6.371
7422,35.8760499999999,4.551
7423,35.8801699999999,4.12
7424,35.8842509999999,4.081
7425,35.88949,5.239
7426,35.892865,3.375
7427,35.8970339999999,4.169
7428,35.9026479999999,5.614
7429,35.910111,7.463
7430,35.914241,4.13
7431,35.918367,4.126
7432,35.926348,7.981
7433,35.929171,2.823
7434,35.932526,3.355
7435,35.936752,4.226
7436,35.94447,7.718
7437,35.947859,3.389
7438,35.952026,4.167
7439,35.957075,5.049
7440,35.960677,3.602
7441,35.965428,4.751
7442,35.969629,4.201
7443,35.980097,10.468
7444,35.983407,3.31
7445,35.987652,4.245
7446,35.992731,5.079
7447,35.996109,3.378
7448,36.000892,4.783
7449,36.004828,3.936
7450,36.009729,4.901
7451,36.013157,3.428
7452,36.017418,4.261
7453,36.024179,6.761
7454,36.029092,4.913
7455,36.032441,3.349
7456,36.037042,4.601
7457,36.044086,7.044
7458,36.047602,3.516
7459,36.051547,3.945
7460,36.058439,6.892
7461,36.063092,4.653
7462,36.067229,4.137
7463,36.073131,5.902
7464,36.077888,4.757
7465,36.080915,3.027
7466,36.084672,3.757
7467,36.092192,7.52
7468,36.096827,4.635
7469,36.100515,3.688
7470,36.104747,4.232
7471,36.111621,6.874
7472,36.115066,3.445
7473,36.118857,3.791
7474,36.123487,4.63
7475,36.131019,7.532
7476,36.134314,3.295
7477,36.14013,5.816
7478,36.146462,6.332
7479,36.149934,3.472
7480,36.154107,4.173
7481,36.160031,5.924
7482,36.165217,5.186
7483,36.169494,4.277
7484,36.17475,5.256
7485,36.180454,5.704
7486,36.183944,3.49
7487,36.187887,3.943
7488,36.195721,7.834
7489,36.200582,4.861
7490,36.204115,3.533
7491,36.210981,6.866
7492,36.215947,4.966
7493,36.219508,3.561
7494,36.223596,4.088
7495,36.227826,4.23
7496,36.234881,7.055
7497,36.237981,3.1
7498,36.247254,9.273
7499,36.251815,4.561
7500,36.255377,3.562
7501,36.259518,4.141
7502,36.263838,4.32
7503,36.269534,5.696
7504,36.274243,4.709
7505,36.277871,3.628
7506,36.282797,4.926
7507,36.286228,3.431
7508,36.291298,5.07
7509,36.295675,4.377
7510,36.300974,5.299
7511,36.307663,6.689
7512,36.311629,3.966
7513,36.316735,5.106
7514,36.320217,3.482
7515,36.326781,6.564
7516,36.330868,4.087
7517,36.335781,4.913
7518,36.342612,6.831
7519,36.346713,4.101
7520,36.351799,5.086
7521,36.355245,3.446
7522,36.359375,4.13
7523,36.367136,7.761
7524,36.371453,4.317
7525,36.378019,6.566
7526,36.385155,7.136
7527,36.389012,3.857
7528,36.392551,3.539
7529,36.397582,5.031
7530,36.40115,3.568
7531,36.405401,4.251
7532,36.410194,4.793
7533,36.41399,3.796
7534,36.418395,4.405
7535,36.423657,5.262
7536,36.428499,4.842
7537,36.432071,3.572
7538,36.436206,4.135
7539,36.441478,5.272
7540,36.44497,3.492
7541,36.449024,4.054
7542,36.458819,9.795
7543,36.462168,3.349
7544,36.466547,4.379
7545,36.470635,4.088
7546,36.477875,7.24
7547,36.481762,3.887
7548,36.485275,3.513
7549,36.49093,5.655
7550,36.495562,4.632
7551,36.500061,4.499
7552,36.504801,4.74
7553,36.507968,3.167
7554,36.512038,4.07
7555,36.516759,4.721
7556,36.523024,6.265
7557,36.52621,3.186
7558,36.529881,3.671
7559,36.535145,5.264
7560,36.541536,6.391
7561,36.5453,3.764
7562,36.54906,3.76
7563,36.562332,13.272
7564,36.566416,4.084
7565,36.570419,4.003
7566,36.576114,5.695
7567,36.579985,3.871
7568,36.5888849999999,8.9
7569,36.5950659999999,6.181
7570,36.6002439999999,5.178
7571,36.6031299999999,2.886
7572,36.6073679999999,4.238
7573,36.6120319999999,4.664
7574,36.6174519999999,5.42
7575,36.6220349999999,4.583
7576,36.6279799999999,5.945
7577,36.6315949999999,3.615
7578,36.6362219999999,4.627
7579,36.6403529999999,4.131
7580,36.6454569999999,5.104
7581,36.6491229999999,3.666
7582,36.6569739999999,7.851
7583,36.6607879999999,3.814
7584,36.6637819999999,2.994
7585,36.667735,3.953
7586,36.673552,5.817
7587,36.6785429999999,4.991
7588,36.6822169999999,3.674
7589,36.6886399999999,6.423
7590,36.6950089999999,6.369
7591,36.7001339999999,5.125
7592,36.7054379999999,5.304
7593,36.7105039999999,5.066
7594,36.7140559999999,3.552
7595,36.7185029999999,4.447
7596,36.7254509999999,6.948
7597,36.7306609999999,5.21
7598,36.7343289999999,3.668
7599,36.7385019999999,4.173
7600,36.7456569999999,7.155
7601,36.7504829999999,4.826
7602,36.7568869999999,6.404
7603,36.7623169999999,5.43
7604,36.7657369999999,3.42
7605,36.7714439999999,5.707
7606,36.7771749999999,5.731
7607,36.7823259999999,5.151
7608,36.7853569999999,3.031
7609,36.7920069999999,6.65
7610,36.7965619999999,4.555
7611,36.8014239999999,4.862
7612,36.8062629999999,4.839
7613,36.8115539999999,5.291
7614,36.8154319999999,3.878
7615,36.8206869999999,5.255
7616,36.8259619999999,5.275
7617,36.8314799999999,5.518
7618,36.8358969999999,4.417
7619,36.8406219999999,4.725
7620,36.8469149999999,6.293
7621,36.8519519999999,5.037
7622,36.8561079999999,4.156
7623,36.8605719999999,4.464
7624,36.8645639999999,3.992
7625,36.8712599999999,6.696
7626,36.8771409999999,5.881
7627,36.8824949999999,5.354
7628,36.8877759999999,5.281
7629,36.8912969999999,3.521
7630,36.8961959999999,4.899
7631,36.9008699999999,4.674
7632,36.9058309999999,4.961
7633,36.9101119999999,4.281
7634,36.9136959999999,3.584
7635,36.9188469999999,5.151
7636,36.9245529999999,5.706
7637,36.9300959999999,5.543
7638,36.9338579999999,3.762
7639,36.9386419999999,4.784
7640,36.9442389999999,5.597
7641,36.9492309999999,4.992
7642,36.9559279999999,6.697
7643,36.9607989999999,4.871
7644,36.9649719999999,4.173
7645,36.9692999999999,4.328
7646,36.9751599999999,5.86
7647,36.9809919999999,5.832
7648,36.9843749999999,3.383
7649,36.9881929999999,3.818
7650,36.9932699999999,5.077
7651,36.9981899999999,4.92
7652,37.0029029999999,4.713
7653,37.0075669999999,4.664
7654,37.0131369999999,5.57
7655,37.0182439999999,5.107
7656,37.0235649999999,5.321
7657,37.0290299999999,5.465
7658,37.0330689999999,4.039
7659,37.0376649999999,4.596
7660,37.0434869999999,5.822
7661,37.0490699999999,5.583
7662,37.0548769999999,5.807
7663,37.0603149999999,5.438
7664,37.0658559999999,5.541
7665,37.0696379999999,3.782
7666,37.0759659999999,6.328
7667,37.0813599999999,5.394
7668,37.0862909999999,4.931
7669,37.0907349999999,4.444
7670,37.0960969999999,5.362
7671,37.1014009999999,5.304
7672,37.1064179999999,5.017
7673,37.110776,4.358
7674,37.11617,5.394
7675,37.121051,4.881
7676,37.126445,5.394
7677,37.132851,6.406
7678,37.1371889999999,4.338
7679,37.1411129999999,3.924
7680,37.1464129999999,5.3
7681,37.1511559999999,4.743
7682,37.1558939999999,4.738
7683,37.1602619999999,4.368
7684,37.1656369999999,5.375
7685,37.170558,4.921
7686,37.175797,5.239
7687,37.181122,5.325
7688,37.186298,5.176
7689,37.191276,4.978
7690,37.197319,6.043
7691,37.2020229999999,4.704
7692,37.2062579999999,4.235
7693,37.2106569999999,4.399
7694,37.2191469999999,8.49
7695,37.2236199999999,4.473
7696,37.226872,3.252
7697,37.2318879999999,5.016
7698,37.2368039999999,4.916
7699,37.240822,4.018
7700,37.2459279999999,5.106
7701,37.2508219999999,4.894
7702,37.255783,4.961
7703,37.259436,3.653
7704,37.263907,4.471
7705,37.267886,3.979
7706,37.273268,5.382
7707,37.27732,4.052
7708,37.282287,4.967
7709,37.284998,2.711
7710,37.292051,7.053
7711,37.296837,4.786
7712,37.300835,3.998
7713,37.307123,6.288
7714,37.312103,4.98
7715,37.3154,3.297
7716,37.321269,5.869
7717,37.328097,6.828
7718,37.331447,3.35
7719,37.334622,3.175
7720,37.345164,10.542
7721,37.352368,7.204
7722,37.355552,3.184
7723,37.359841,4.289
7724,37.3646519999999,4.811
7725,37.3685699999999,3.918
7726,37.3740049999999,5.435
7727,37.3785849999999,4.58
7728,37.3821499999999,3.565
7729,37.3888129999999,6.663
7730,37.3932819999999,4.469
7731,37.398049,4.767
7732,37.402056,4.007
7733,37.4063069999999,4.251
7734,37.4111199999999,4.813
7735,37.4146079999999,3.488
7736,37.4226249999999,8.017
7737,37.4274349999999,4.81
7738,37.4304889999999,3.054
7739,37.4354789999999,4.99
7740,37.4396299999999,4.151
7741,37.4460409999999,6.411
7742,37.4494259999999,3.385
7743,37.4546679999999,5.242
7744,37.459429,4.761
7745,37.462938,3.509
7746,37.4673769999999,4.439
7747,37.475189,7.812
7748,37.4786039999999,3.415
7749,37.4827139999999,4.11
7750,37.4876949999999,4.981
7751,37.4936689999999,5.974
7752,37.4972379999999,3.569
7753,37.5013029999999,4.065
7754,37.5079299999999,6.627
7755,37.5107839999999,2.854
7756,37.5166299999999,5.846
7757,37.5207139999999,4.084
7758,37.5275079999999,6.794
7759,37.5310349999999,3.527
7760,37.5350939999999,4.059
7761,37.5426749999999,7.581
7762,37.5462129999999,3.538
7763,37.5499269999999,3.714
7764,37.5539999999999,4.073
7765,37.5608029999999,6.803
7766,37.5661899999999,5.387
7767,37.5713089999999,5.119
7768,37.5763789999999,5.07
7769,37.5795899999999,3.211
7770,37.5834919999999,3.902
7771,37.5892799999999,5.788
7772,37.5941329999999,4.853
7773,37.5979799999999,3.847
7774,37.6026659999999,4.686
7775,37.6075249999999,4.859
7776,37.6124679999999,4.943
7777,37.6169329999999,4.465
7778,37.6210069999999,4.074
7779,37.6258159999999,4.809
7780,37.6293199999999,3.504
7781,37.6354319999999,6.112
7782,37.6401649999999,4.733
7783,37.6435419999999,3.377
7784,37.6478749999999,4.333
7785,37.6521679999999,4.293
7786,37.6583129999999,6.145
7787,37.6617949999999,3.482
7788,37.6659739999999,4.179
7789,37.6713879999999,5.414
7790,37.6756909999999,4.303
7791,37.6808019999999,5.111
7792,37.6852689999999,4.467
7793,37.6901449999999,4.876
7794,37.6937149999999,3.57
7795,37.6976409999999,3.926
7796,37.7064129999999,8.772
7797,37.7094999999999,3.087
7798,37.7136039999999,4.104
7799,37.7177679999999,4.164
7800,37.7255839999999,7.816
7801,37.7302669999999,4.683
7802,37.7344219999999,4.155
7803,37.7401759999999,5.754
7804,37.7435259999999,3.35
7805,37.7477729999999,4.247
7806,37.7519809999999,4.208
7807,37.7598899999999,7.909
7808,37.7634149999999,3.525
7809,37.7693909999999,5.976
7810,37.7763409999999,6.95
7811,37.7806409999999,4.3
7812,37.7853309999999,4.69
7813,37.7895289999999,4.198
7814,37.7945849999999,5.056
7815,37.7977959999999,3.211
7816,37.8044979999999,6.702
7817,37.8087959999999,4.298
7818,37.8120219999999,3.226
7819,37.8162449999999,4.223
7820,37.8202099999999,3.965
7821,37.8287969999999,8.587
7822,37.8320529999999,3.256
7823,37.8380539999999,6.001
7824,37.8424689999999,4.415
7825,37.8458819999999,3.413
7826,37.8518789999999,5.997
7827,37.8566139999999,4.735
7828,37.8612209999999,4.607
7829,37.8647569999999,3.536
7830,37.8706559999999,5.899
7831,37.8764429999999,5.787
7832,37.8796689999999,3.226
7833,37.8836989999999,4.03
7834,37.8897929999999,6.094
7835,37.8941089999999,4.316
7836,37.8990909999999,4.982
7837,37.9033919999999,4.301
7838,37.9104419999999,7.05
7839,37.9137409999999,3.299
7840,37.9178289999999,4.088
